Number of nodes 735 
     0 :  0.0000000e+00  0.0000000e+00 
     1 :  1.0000000e+00  0.0000000e+00 
     2 :  1.0000000e+00  2.0000000e+00 
     3 :  0.0000000e+00  2.0000000e+00 
     4 :  5.8823529e-02  0.0000000e+00 
     5 :  1.1764706e-01  0.0000000e+00 
     6 :  1.7647059e-01  0.0000000e+00 
     7 :  2.3529412e-01  0.0000000e+00 
     8 :  2.9411765e-01  0.0000000e+00 
     9 :  3.5294118e-01  0.0000000e+00 
    10 :  4.1176471e-01  0.0000000e+00 
    11 :  4.7058824e-01  0.0000000e+00 
    12 :  5.2941176e-01  0.0000000e+00 
    13 :  5.8823529e-01  0.0000000e+00 
    14 :  6.4705882e-01  0.0000000e+00 
    15 :  7.0588235e-01  0.0000000e+00 
    16 :  7.6470588e-01  0.0000000e+00 
    17 :  8.2352941e-01  0.0000000e+00 
    18 :  8.8235294e-01  0.0000000e+00 
    19 :  9.4117647e-01  0.0000000e+00 
    20 :  1.0000000e+00  5.8823529e-02 
    21 :  1.0000000e+00  1.1764706e-01 
    22 :  1.0000000e+00  1.7647059e-01 
    23 :  1.0000000e+00  2.3529412e-01 
    24 :  1.0000000e+00  2.9411765e-01 
    25 :  1.0000000e+00  3.5294118e-01 
    26 :  1.0000000e+00  4.1176471e-01 
    27 :  1.0000000e+00  4.7058824e-01 
    28 :  1.0000000e+00  5.2941176e-01 
    29 :  1.0000000e+00  5.8823529e-01 
    30 :  1.0000000e+00  6.4705882e-01 
    31 :  1.0000000e+00  7.0588235e-01 
    32 :  1.0000000e+00  7.6470588e-01 
    33 :  1.0000000e+00  8.2352941e-01 
    34 :  1.0000000e+00  8.8235294e-01 
    35 :  1.0000000e+00  9.4117647e-01 
    36 :  1.0000000e+00  1.0000000e+00 
    37 :  1.0000000e+00  1.0588235e+00 
    38 :  1.0000000e+00  1.1176471e+00 
    39 :  1.0000000e+00  1.1764706e+00 
    40 :  1.0000000e+00  1.2352941e+00 
    41 :  1.0000000e+00  1.2941176e+00 
    42 :  1.0000000e+00  1.3529412e+00 
    43 :  1.0000000e+00  1.4117647e+00 
    44 :  1.0000000e+00  1.4705882e+00 
    45 :  1.0000000e+00  1.5294118e+00 
    46 :  1.0000000e+00  1.5882353e+00 
    47 :  1.0000000e+00  1.6470588e+00 
    48 :  1.0000000e+00  1.7058824e+00 
    49 :  1.0000000e+00  1.7647059e+00 
    50 :  1.0000000e+00  1.8235294e+00 
    51 :  1.0000000e+00  1.8823529e+00 
    52 :  1.0000000e+00  1.9411765e+00 
    53 :  9.4117647e-01  2.0000000e+00 
    54 :  8.8235294e-01  2.0000000e+00 
    55 :  8.2352941e-01  2.0000000e+00 
    56 :  7.6470588e-01  2.0000000e+00 
    57 :  7.0588235e-01  2.0000000e+00 
    58 :  6.4705882e-01  2.0000000e+00 
    59 :  5.8823529e-01  2.0000000e+00 
    60 :  5.2941176e-01  2.0000000e+00 
    61 :  4.7058824e-01  2.0000000e+00 
    62 :  4.1176471e-01  2.0000000e+00 
    63 :  3.5294118e-01  2.0000000e+00 
    64 :  2.9411765e-01  2.0000000e+00 
    65 :  2.3529412e-01  2.0000000e+00 
    66 :  1.7647059e-01  2.0000000e+00 
    67 :  1.1764706e-01  2.0000000e+00 
    68 :  5.8823529e-02  2.0000000e+00 
    69 :  0.0000000e+00  1.9411765e+00 
    70 :  0.0000000e+00  1.8823529e+00 
    71 :  0.0000000e+00  1.8235294e+00 
    72 :  0.0000000e+00  1.7647059e+00 
    73 :  0.0000000e+00  1.7058824e+00 
    74 :  0.0000000e+00  1.6470588e+00 
    75 :  0.0000000e+00  1.5882353e+00 
    76 :  0.0000000e+00  1.5294118e+00 
    77 :  0.0000000e+00  1.4705882e+00 
    78 :  0.0000000e+00  1.4117647e+00 
    79 :  0.0000000e+00  1.3529412e+00 
    80 :  0.0000000e+00  1.2941176e+00 
    81 :  0.0000000e+00  1.2352941e+00 
    82 :  0.0000000e+00  1.1764706e+00 
    83 :  0.0000000e+00  1.1176471e+00 
    84 :  0.0000000e+00  1.0588235e+00 
    85 :  0.0000000e+00  1.0000000e+00 
    86 :  0.0000000e+00  9.4117647e-01 
    87 :  0.0000000e+00  8.8235294e-01 
    88 :  0.0000000e+00  8.2352941e-01 
    89 :  0.0000000e+00  7.6470588e-01 
    90 :  0.0000000e+00  7.0588235e-01 
    91 :  0.0000000e+00  6.4705882e-01 
    92 :  0.0000000e+00  5.8823529e-01 
    93 :  0.0000000e+00  5.2941176e-01 
    94 :  0.0000000e+00  4.7058824e-01 
    95 :  0.0000000e+00  4.1176471e-01 
    96 :  0.0000000e+00  3.5294118e-01 
    97 :  0.0000000e+00  2.9411765e-01 
    98 :  0.0000000e+00  2.3529412e-01 
    99 :  0.0000000e+00  1.7647059e-01 
   100 :  0.0000000e+00  1.1764706e-01 
   101 :  0.0000000e+00  5.8823529e-02 
   102 :  5.0942671e-02  5.0000000e-01 
   103 :  9.4905733e-01  9.7058824e-01 
   104 :  9.4905733e-01  1.5000000e+00 
   105 :  9.4905733e-01  1.2647059e+00 
   106 :  5.0942671e-02  7.3529412e-01 
   107 :  5.0942671e-02  1.1470588e+00 
   108 :  5.0942671e-02  1.3823529e+00 
   109 :  9.4905733e-01  6.1764706e-01 
   110 :  4.9527210e-01  5.6089951e-02 
   111 :  4.9527210e-01  1.9439100e+00 
   112 :  9.4905733e-01  3.8235294e-01 
   113 :  4.6927014e-02  1.6188690e+00 
   114 :  9.4905733e-01  1.6764706e+00 
   115 :  5.0942671e-02  9.7058824e-01 
   116 :  4.6952117e-02  3.2440220e-01 
   117 :  9.4905733e-01  7.9411765e-01 
   118 :  6.8448844e-01  5.5310142e-02 
   119 :  3.2169463e-01  1.9459003e+00 
   120 :  6.8465311e-01  1.9441176e+00 
   121 :  3.2169463e-01  5.4099745e-02 
   122 :  4.4658199e-02  1.7965615e+00 
   123 :  9.4905733e-01  2.0588235e-01 
   124 :  9.4905733e-01  1.0882353e+00 
   125 :  5.0942671e-02  1.2647059e+00 
   126 :  5.0942671e-02  1.5000000e+00 
   127 :  9.4905733e-01  5.0000000e-01 
   128 :  9.4905733e-01  1.7941176e+00 
   129 :  1.9681648e-01  5.5930458e-02 
   130 :  5.0942671e-02  2.0588235e-01 
   131 :  7.9465894e-01  5.2267237e-02 
   132 :  1.9681648e-01  1.9440695e+00 
   133 :  9.4905733e-01  1.3823529e+00 
   134 :  7.9502265e-01  1.9466709e+00 
   135 :  5.0942671e-02  6.1764706e-01 
   136 :  5.0942671e-02  8.5294118e-01 
   137 :  4.5733151e-02  8.8505888e-02 
   138 :  9.5037081e-01  1.9094897e+00 
   139 :  9.0636320e-01  5.3276309e-02 
   140 :  8.8235294e-02  1.9490573e+00 
   141 :  9.4905733e-01  1.0294118e+00 
   142 :  8.9811466e-01  1.0588235e+00 
   143 :  8.9811466e-01  1.1176471e+00 
   144 :  8.4717199e-01  1.0882353e+00 
   145 :  8.4717199e-01  1.1470588e+00 
   146 :  7.9622932e-01  1.1176471e+00 
   147 :  7.9622932e-01  1.0588235e+00 
   148 :  7.4528665e-01  1.0882353e+00 
   149 :  7.4528665e-01  1.1470588e+00 
   150 :  7.4528665e-01  1.0294118e+00 
   151 :  6.9434398e-01  1.0588235e+00 
   152 :  6.9434398e-01  1.0000000e+00 
   153 :  6.4340130e-01  1.0294118e+00 
   154 :  6.4340130e-01  9.7058824e-01 
   155 :  5.9245863e-01  1.0000000e+00 
   156 :  5.9245863e-01  9.4117647e-01 
   157 :  5.9245863e-01  1.0588235e+00 
   158 :  5.4151596e-01  1.0294118e+00 
   159 :  5.4151596e-01  1.0882353e+00 
   160 :  4.9057329e-01  1.0588235e+00 
   161 :  4.9057329e-01  1.1176471e+00 
   162 :  4.3963062e-01  1.0882353e+00 
   163 :  4.3963062e-01  1.1470588e+00 
   164 :  4.3963062e-01  1.0294118e+00 
   165 :  4.9057329e-01  1.1764706e+00 
   166 :  4.3963062e-01  1.2058824e+00 
   167 :  4.9057329e-01  1.2352941e+00 
   168 :  4.3963062e-01  1.2647059e+00 
   169 :  4.9057329e-01  1.2941176e+00 
   170 :  4.3963062e-01  1.3235294e+00 
   171 :  4.9057329e-01  1.3529412e+00 
   172 :  4.3963062e-01  1.3823529e+00 
   173 :  4.9057329e-01  1.4117647e+00 
   174 :  4.3963062e-01  1.4411765e+00 
   175 :  4.9057329e-01  1.4705882e+00 
   176 :  4.3963062e-01  1.5000000e+00 
   177 :  4.9057329e-01  1.5294118e+00 
   178 :  4.3963062e-01  1.5588235e+00 
   179 :  5.4151596e-01  1.4411765e+00 
   180 :  4.9057329e-01  1.5882353e+00 
   181 :  6.4340130e-01  9.1176471e-01 
   182 :  5.9245863e-01  8.8235294e-01 
   183 :  6.4340130e-01  8.5294118e-01 
   184 :  5.9245863e-01  8.2352941e-01 
   185 :  6.4340130e-01  7.9411765e-01 
   186 :  5.9245863e-01  7.6470588e-01 
   187 :  5.4151596e-01  7.9411765e-01 
   188 :  5.4151596e-01  7.3529412e-01 
   189 :  5.9245863e-01  7.0588235e-01 
   190 :  5.4151596e-01  6.7647059e-01 
   191 :  5.9245863e-01  6.4705882e-01 
   192 :  5.4151596e-01  6.1764706e-01 
   193 :  5.9245863e-01  5.8823529e-01 
   194 :  5.4151596e-01  5.5882353e-01 
   195 :  5.9245863e-01  5.2941176e-01 
   196 :  5.4151596e-01  5.0000000e-01 
   197 :  5.9245863e-01  4.7058824e-01 
   198 :  4.9057329e-01  5.2941176e-01 
   199 :  4.9057329e-01  4.7058824e-01 
   200 :  4.9057329e-01  7.6470588e-01 
   201 :  4.3963062e-01  5.0000000e-01 
   202 :  4.3963062e-01  4.4117647e-01 
   203 :  3.8868795e-01  1.0588235e+00 
   204 :  3.8868795e-01  1.0000000e+00 
   205 :  4.3963062e-01  1.6176471e+00 
   206 :  3.8868795e-01  4.7058824e-01 
   207 :  3.8868795e-01  4.1176471e-01 
   208 :  3.8868795e-01  5.2941176e-01 
   209 :  4.3963062e-01  3.8235294e-01 
   210 :  3.8868795e-01  1.2941176e+00 
   211 :  3.8868795e-01  1.5294118e+00 
   212 :  4.9057329e-01  1.6470588e+00 
   213 :  5.4151596e-01  1.6176471e+00 
   214 :  3.8868795e-01  3.5294118e-01 
   215 :  6.4340130e-01  5.5882353e-01 
   216 :  5.4151596e-01  1.6764706e+00 
   217 :  5.9245863e-01  1.6470588e+00 
   218 :  4.3963062e-01  1.6764706e+00 
   219 :  3.3774528e-01  3.8235294e-01 
   220 :  3.3774528e-01  1.0294118e+00 
   221 :  3.3774528e-01  9.7058824e-01 
   222 :  3.3774528e-01  3.2352941e-01 
   223 :  4.3963062e-01  3.2352941e-01 
   224 :  5.9245863e-01  1.7058824e+00 
   225 :  6.4340130e-01  1.6764706e+00 
   226 :  6.4340130e-01  1.6176471e+00 
   227 :  3.8868795e-01  1.6470588e+00 
   228 :  3.3774528e-01  5.0000000e-01 
   229 :  3.3774528e-01  5.5882353e-01 
   230 :  6.9434398e-01  1.6470588e+00 
   231 :  6.9434398e-01  1.5882353e+00 
   232 :  6.9434398e-01  1.7058824e+00 
   233 :  3.8868795e-01  1.1764706e+00 
   234 :  5.4151596e-01  1.2647059e+00 
   235 :  7.4528665e-01  9.7058824e-01 
   236 :  6.9434398e-01  8.2352941e-01 
   237 :  3.8868795e-01  1.4117647e+00 
   238 :  6.9434398e-01  7.6470588e-01 
   239 :  3.8868795e-01  1.7058824e+00 
   240 :  3.3774528e-01  1.6764706e+00 
   241 :  2.8680261e-01  3.5294118e-01 
   242 :  2.8680261e-01  2.9411765e-01 
   243 :  3.3774528e-01  2.6470588e-01 
   244 :  2.8680261e-01  5.2941176e-01 
   245 :  2.8680261e-01  5.8823529e-01 
   246 :  2.8680261e-01  1.0000000e+00 
   247 :  2.8680261e-01  9.4117647e-01 
   248 :  2.8680261e-01  1.0588235e+00 
   249 :  3.3774528e-01  1.7352941e+00 
   250 :  2.8680261e-01  1.7058824e+00 
   251 :  2.8680261e-01  1.6470588e+00 
   252 :  4.3963062e-01  1.7352941e+00 
   253 :  3.3774528e-01  6.1764706e-01 
   254 :  2.8680261e-01  6.4705882e-01 
   255 :  7.4528665e-01  1.6176471e+00 
   256 :  7.4528665e-01  1.5588235e+00 
   257 :  3.3774528e-01  9.1176471e-01 
   258 :  2.8680261e-01  8.8235294e-01 
   259 :  7.4528665e-01  7.9411765e-01 
   260 :  7.4528665e-01  7.3529412e-01 
   261 :  2.8680261e-01  2.3529412e-01 
   262 :  2.8680261e-01  1.7647059e+00 
   263 :  2.3585994e-01  2.6470588e-01 
   264 :  2.3585994e-01  1.0294118e+00 
   265 :  2.3585994e-01  1.0882353e+00 
   266 :  2.3585994e-01  5.5882353e-01 
   267 :  2.3585994e-01  1.6764706e+00 
   268 :  2.3585994e-01  1.6176471e+00 
   269 :  2.3585994e-01  9.1176471e-01 
   270 :  2.3585994e-01  8.5294118e-01 
   271 :  2.8680261e-01  8.2352941e-01 
   272 :  2.3585994e-01  7.9411765e-01 
   273 :  2.3585994e-01  5.0000000e-01 
   274 :  6.9434398e-01  1.5294118e+00 
   275 :  7.4528665e-01  1.5000000e+00 
   276 :  6.9434398e-01  1.4705882e+00 
   277 :  7.4528665e-01  1.4411765e+00 
   278 :  6.9434398e-01  1.4117647e+00 
   279 :  7.4528665e-01  1.3823529e+00 
   280 :  7.9622932e-01  1.5882353e+00 
   281 :  7.9622932e-01  1.6470588e+00 
   282 :  6.9434398e-01  1.3529412e+00 
   283 :  7.4528665e-01  1.3235294e+00 
   284 :  6.9434398e-01  1.2941176e+00 
   285 :  3.3774528e-01  6.7647059e-01 
   286 :  4.3963062e-01  9.7058824e-01 
   287 :  5.9245863e-01  1.1176471e+00 
   288 :  4.9057329e-01  3.5294118e-01 
   289 :  4.9057329e-01  2.9411765e-01 
   290 :  5.4151596e-01  3.2352941e-01 
   291 :  5.4151596e-01  2.6470588e-01 
   292 :  5.9245863e-01  2.9411765e-01 
   293 :  5.9245863e-01  2.3529412e-01 
   294 :  6.4340130e-01  2.6470588e-01 
   295 :  4.9057329e-01  2.3529412e-01 
   296 :  6.4340130e-01  3.2352941e-01 
   297 :  6.9434398e-01  2.9411765e-01 
   298 :  6.9434398e-01  3.5294118e-01 
   299 :  7.4528665e-01  3.2352941e-01 
   300 :  7.4528665e-01  3.8235294e-01 
   301 :  7.4528665e-01  2.6470588e-01 
   302 :  7.9622932e-01  2.9411765e-01 
   303 :  7.9622932e-01  2.3529412e-01 
   304 :  1.8491727e-01  1.0588235e+00 
   305 :  3.3774528e-01  2.0588235e-01 
   306 :  3.3774528e-01  1.7941176e+00 
   307 :  7.4528665e-01  2.0588235e-01 
   308 :  2.3585994e-01  2.0588235e-01 
   309 :  1.8491727e-01  1.1176471e+00 
   310 :  2.3585994e-01  1.1470588e+00 
   311 :  1.8491727e-01  1.1764706e+00 
   312 :  2.3585994e-01  1.2058824e+00 
   313 :  1.8491727e-01  1.2352941e+00 
   314 :  2.3585994e-01  1.2647059e+00 
   315 :  1.8491727e-01  1.2941176e+00 
   316 :  2.3585994e-01  1.3235294e+00 
   317 :  1.8491727e-01  1.3529412e+00 
   318 :  2.3585994e-01  1.3823529e+00 
   319 :  1.8491727e-01  1.4117647e+00 
   320 :  2.3585994e-01  1.4411765e+00 
   321 :  1.8491727e-01  1.4705882e+00 
   322 :  7.9622932e-01  1.4117647e+00 
   323 :  4.9057329e-01  6.4705882e-01 
   324 :  4.9057329e-01  8.2352941e-01 
   325 :  4.3963062e-01  7.9411765e-01 
   326 :  7.9622932e-01  7.6470588e-01 
   327 :  7.9622932e-01  8.2352941e-01 
   328 :  7.9622932e-01  7.0588235e-01 
   329 :  7.4528665e-01  6.7647059e-01 
   330 :  7.9622932e-01  6.4705882e-01 
   331 :  2.8680261e-01  1.8235294e+00 
   332 :  2.3585994e-01  1.7941176e+00 
   333 :  1.8491727e-01  2.3529412e-01 
   334 :  1.8491727e-01  2.9411765e-01 
   335 :  1.8491727e-01  1.7647059e-01 
   336 :  1.8491727e-01  5.2941176e-01 
   337 :  1.8491727e-01  4.7058824e-01 
   338 :  1.8491727e-01  5.8823529e-01 
   339 :  1.8491727e-01  8.8235294e-01 
   340 :  1.8562273e-01  1.6482807e+00 
   341 :  7.9622932e-01  1.7647059e-01 
   342 :  8.4717199e-01  2.6470588e-01 
   343 :  7.4528665e-01  1.2647059e+00 
   344 :  7.9622932e-01  1.2941176e+00 
   345 :  6.4340130e-01  2.0588235e-01 
   346 :  5.9245863e-01  1.7647059e-01 
   347 :  6.4340130e-01  1.3235294e+00 
   348 :  6.4340130e-01  1.2647059e+00 
   349 :  6.4340130e-01  1.5000000e+00 
   350 :  4.3963062e-01  7.3529412e-01 
   351 :  6.9434398e-01  4.1176471e-01 
   352 :  7.4528665e-01  4.4117647e-01 
   353 :  7.9622932e-01  4.1176471e-01 
   354 :  7.9622932e-01  4.7058824e-01 
   355 :  7.4528665e-01  5.0000000e-01 
   356 :  1.8491727e-01  9.4117647e-01 
   357 :  8.4717199e-01  1.6176471e+00 
   358 :  8.4717199e-01  1.5588235e+00 
   359 :  8.4717199e-01  1.6764706e+00 
   360 :  7.9622932e-01  1.7058824e+00 
   361 :  8.4717199e-01  6.7647059e-01 
   362 :  2.8680261e-01  1.2352941e+00 
   363 :  5.4151596e-01  9.1176471e-01 
   364 :  8.4717199e-01  1.7352941e+00 
   365 :  7.9622932e-01  1.7647059e+00 
   366 :  8.4717199e-01  1.7941176e+00 
   367 :  7.9622932e-01  1.8235294e+00 
   368 :  5.4151596e-01  1.7352941e+00 
   369 :  5.9245863e-01  1.7647059e+00 
   370 :  5.4151596e-01  1.7941176e+00 
   371 :  5.9245863e-01  1.8235294e+00 
   372 :  2.8680261e-01  1.3529412e+00 
   373 :  1.8503484e-01  1.7060860e+00 
   374 :  4.3963062e-01  8.5294118e-01 
   375 :  8.4717199e-01  1.8529412e+00 
   376 :  7.4528665e-01  1.7941176e+00 
   377 :  3.8868795e-01  7.6470588e-01 
   378 :  2.8680261e-01  1.5882353e+00 
   379 :  7.4528665e-01  6.1764706e-01 
   380 :  1.8491727e-01  1.5882353e+00 
   381 :  7.9622932e-01  5.2941176e-01 
   382 :  8.4717199e-01  6.1764706e-01 
   383 :  8.4717199e-01  3.2352941e-01 
   384 :  8.4717199e-01  4.4117647e-01 
   385 :  7.4511492e-01  1.4661829e-01 
   386 :  7.4528665e-01  1.8529412e+00 
   387 :  2.3576563e-01  1.4810334e-01 
   388 :  1.3397460e-01  2.6470588e-01 
   389 :  1.3397460e-01  5.5882353e-01 
   390 :  1.3437758e-01  1.6771686e+00 
   391 :  1.3397460e-01  9.1176471e-01 
   392 :  1.3397460e-01  1.4411765e+00 
   393 :  1.3397460e-01  1.3235294e+00 
   394 :  1.3397460e-01  1.2058824e+00 
   395 :  1.3555348e-01  1.0882353e+00 
   396 :  5.4071344e-01  1.8515512e+00 
   397 :  4.9043954e-01  1.8232977e+00 
   398 :  5.9097194e-01  1.8907130e+00 
   399 :  1.3581663e-01  1.0294118e+00 
   400 :  1.3564024e-01  1.7354444e+00 
   401 :  3.3860649e-01  1.8514495e+00 
   402 :  6.4399049e-01  1.4806769e-01 
   403 :  5.9115327e-01  1.0923728e-01 
   404 :  5.4151596e-01  1.4705882e-01 
   405 :  3.8883148e-01  1.8232808e+00 
   406 :  3.8971661e-01  1.8805712e+00 
   407 :  2.8680261e-01  7.0588235e-01 
   408 :  2.3585994e-01  6.7647059e-01 
   409 :  8.9811466e-01  1.5882353e+00 
   410 :  7.9622932e-01  1.2352941e+00 
   411 :  3.8868795e-01  6.4705882e-01 
   412 :  2.3585994e-01  4.4117647e-01 
   413 :  1.8491727e-01  4.1176471e-01 
   414 :  1.3555348e-01  4.4117647e-01 
   415 :  1.3494321e-01  3.8357485e-01 
   416 :  6.4340130e-01  1.7941176e+00 
   417 :  8.4717199e-01  1.2647059e+00 
   418 :  8.4717199e-01  1.3235294e+00 
   419 :  5.4151596e-01  3.8235294e-01 
   420 :  2.3585994e-01  1.5000000e+00 
   421 :  2.8680261e-01  1.4705882e+00 
   422 :  6.9434398e-01  6.4705882e-01 
   423 :  8.9811466e-01  1.1764706e+00 
   424 :  3.8868795e-01  2.3529412e-01 
   425 :  3.8868795e-01  1.7647059e-01 
   426 :  8.4717199e-01  7.9411765e-01 
   427 :  8.4717199e-01  8.5294118e-01 
   428 :  7.9622932e-01  8.8235294e-01 
   429 :  8.4717199e-01  9.1176471e-01 
   430 :  8.9811466e-01  8.8235294e-01 
   431 :  8.9811466e-01  2.9411765e-01 
   432 :  2.3576563e-01  1.8518967e+00 
   433 :  1.8490155e-01  1.8233553e+00 
   434 :  3.3860649e-01  1.4855048e-01 
   435 :  3.8969269e-01  1.1938732e-01 
   436 :  4.3979808e-01  1.4734887e-01 
   437 :  1.3397460e-01  6.1764706e-01 
   438 :  1.3397460e-01  8.5294118e-01 
   439 :  1.3397460e-01  1.5000000e+00 
   440 :  8.9740981e-02  4.1441216e-01 
   441 :  9.1633394e-02  1.0588235e+00 
   442 :  8.9661170e-02  1.7084675e+00 
   443 :  1.8678783e-01  1.8815875e+00 
   444 :  1.3498920e-01  1.8540065e+00 
   445 :  1.8679045e-01  1.1838348e-01 
   446 :  1.3397460e-01  1.4705882e-01 
   447 :  1.3750238e-01  8.7970873e-02 
   448 :  4.4086676e-01  8.9754326e-02 
   449 :  4.9039785e-01  1.8811482e+00 
   450 :  7.9576725e-01  1.1609283e-01 
   451 :  8.4709498e-01  1.4679979e-01 
   452 :  8.4858964e-01  8.7768122e-02 
   453 :  8.9999043e-01  1.1708225e-01 
   454 :  3.8586414e-01  5.7093690e-02 
   455 :  7.4236700e-01  8.7164664e-02 
   456 :  6.9396121e-01  1.1751637e-01 
   457 :  1.3948659e-01  1.9118147e+00 
   458 :  8.9652818e-02  1.8862401e+00 
   459 :  7.9602821e-01  1.8832687e+00 
   460 :  8.4789889e-01  1.9111677e+00 
   461 :  7.4277579e-01  1.9116435e+00 
   462 :  6.9361743e-01  1.8820540e+00 
   463 :  2.3585994e-01  7.3529412e-01 
   464 :  1.8491727e-01  7.0588235e-01 
   465 :  1.8491727e-01  7.6470588e-01 
   466 :  1.3397460e-01  7.3529412e-01 
   467 :  1.3397460e-01  7.9411765e-01 
   468 :  2.8680261e-01  7.6470588e-01 
   469 :  8.9811466e-01  1.5294118e+00 
   470 :  8.4717199e-01  1.5000000e+00 
   471 :  3.8868795e-01  7.0588235e-01 
   472 :  8.9811466e-01  1.2941176e+00 
   473 :  1.3641262e-01  3.2495497e-01 
   474 :  4.3977445e-01  1.8523634e+00 
   475 :  4.4083757e-01  1.9099900e+00 
   476 :  3.8586338e-01  1.9428639e+00 
   477 :  4.3965622e-01  1.7939413e+00 
   478 :  7.4528665e-01  1.2058824e+00 
   479 :  8.9811466e-01  1.7058824e+00 
   480 :  1.8548504e-01  3.5338242e-01 
   481 :  2.8939741e-01  1.8900208e+00 
   482 :  1.3397460e-01  6.7647059e-01 
   483 :  5.4151596e-01  1.3235294e+00 
   484 :  3.8871614e-01  1.7646351e+00 
   485 :  6.9434398e-01  4.7058824e-01 
   486 :  3.3774528e-01  1.0882353e+00 
   487 :  9.4905733e-01  1.6176471e+00 
   488 :  7.9622932e-01  1.4705882e+00 
   489 :  8.4717199e-01  1.4411765e+00 
   490 :  1.3486307e-01  5.0000000e-01 
   491 :  6.4340130e-01  1.3823529e+00 
   492 :  6.9434976e-01  1.7654353e-01 
   493 :  5.9245863e-01  1.3529412e+00 
   494 :  8.9811466e-01  1.4705882e+00 
   495 :  8.9811466e-01  1.4117647e+00 
   496 :  4.9057329e-01  5.8823529e-01 
   497 :  7.4528665e-01  1.6764706e+00 
   498 :  7.9622932e-01  9.4117647e-01 
   499 :  8.4717199e-01  9.7058824e-01 
   500 :  9.4905733e-01  1.7352941e+00 
   501 :  8.9811466e-01  1.7647059e+00 
   502 :  5.9245863e-01  1.4117647e+00 
   503 :  8.9811466e-01  1.8235294e+00 
   504 :  6.4340130e-01  1.4411765e+00 
   505 :  5.9245863e-01  1.4705882e+00 
   506 :  5.9245863e-01  1.5294118e+00 
   507 :  6.4340130e-01  3.8235294e-01 
   508 :  1.3397460e-01  1.3823529e+00 
   509 :  9.4905733e-01  1.4411765e+00 
   510 :  5.0942671e-02  1.3235294e+00 
   511 :  9.4905733e-01  7.3529412e-01 
   512 :  9.4905733e-01  6.7647059e-01 
   513 :  7.9622932e-01  1.1764706e+00 
   514 :  6.9434398e-01  1.1764706e+00 
   515 :  8.4717199e-01  1.2058824e+00 
   516 :  6.9434398e-01  1.1176471e+00 
   517 :  6.4340130e-01  1.1470588e+00 
   518 :  3.3774528e-01  4.4117647e-01 
   519 :  6.9434398e-01  5.2941176e-01 
   520 :  2.8693043e-01  1.7689328e-01 
   521 :  2.8941567e-01  1.1003959e-01 
   522 :  3.8868795e-01  1.1176471e+00 
   523 :  3.3774528e-01  1.1470588e+00 
   524 :  4.9057329e-01  7.0588235e-01 
   525 :  7.9622932e-01  1.5294118e+00 
   526 :  1.8491727e-01  6.4705882e-01 
   527 :  5.9245863e-01  1.2941176e+00 
   528 :  5.9245863e-01  1.2352941e+00 
   529 :  5.4151596e-01  1.2058824e+00 
   530 :  1.3487448e-01  9.7058824e-01 
   531 :  2.6470588e-01  5.0942671e-02 
   532 :  5.0942671e-02  1.4411765e+00 
   533 :  5.0942671e-02  1.2058824e+00 
   534 :  5.0942671e-02  5.5882353e-01 
   535 :  4.9000156e-02  2.6478010e-01 
   536 :  7.9622932e-01  1.0000000e+00 
   537 :  6.9434398e-01  9.4117647e-01 
   538 :  1.8537425e-01  1.0000000e+00 
   539 :  9.4905733e-01  1.5588235e+00 
   540 :  6.1764706e-01  1.9490573e+00 
   541 :  2.3585994e-01  6.1764706e-01 
   542 :  7.4528665e-01  8.5294118e-01 
   543 :  5.4151596e-01  1.5000000e+00 
   544 :  4.9057329e-01  8.8235294e-01 
   545 :  3.8868795e-01  1.2352941e+00 
   546 :  3.8868795e-01  1.5882353e+00 
   547 :  1.8521185e-01  1.7647359e+00 
   548 :  5.4151596e-01  4.4117647e-01 
   549 :  4.9057329e-01  4.1176471e-01 
   550 :  6.9434494e-01  2.3530627e-01 
   551 :  5.5945422e-01  1.9481955e+00 
   552 :  4.3963062e-01  5.5882353e-01 
   553 :  3.8868795e-01  9.4117647e-01 
   554 :  6.9434398e-01  7.0588235e-01 
   555 :  9.4905733e-01  4.4117647e-01 
   556 :  5.0942671e-02  9.1176471e-01 
   557 :  5.0942671e-02  6.7647059e-01 
   558 :  3.8868795e-01  1.3529412e+00 
   559 :  3.3774528e-01  1.3235294e+00 
   560 :  3.3774528e-01  1.2058824e+00 
   561 :  3.3774528e-01  1.2647059e+00 
   562 :  8.9811466e-01  1.0000000e+00 
   563 :  5.4151596e-01  8.5294118e-01 
   564 :  5.4151596e-01  1.3823529e+00 
   565 :  7.4528665e-01  9.1176471e-01 
   566 :  6.9434398e-01  1.2352941e+00 
   567 :  5.0942671e-02  7.9411765e-01 
   568 :  2.3593610e-01  9.7058824e-01 
   569 :  6.1764706e-01  5.0942671e-02 
   570 :  5.5947580e-01  5.1798537e-02 
   571 :  4.8694507e-02  1.5590272e+00 
   572 :  9.1952175e-02  1.5896948e+00 
   573 :  3.3774528e-01  8.5294118e-01 
   574 :  2.8680261e-01  1.1764706e+00 
   575 :  2.8680261e-01  1.1176471e+00 
   576 :  9.4905733e-01  1.2058824e+00 
   577 :  2.6470588e-01  1.9490573e+00 
   578 :  6.4340130e-01  1.0882353e+00 
   579 :  1.3397460e-01  1.2647059e+00 
   580 :  9.4905733e-01  1.1470588e+00 
   581 :  4.9057329e-01  1.0000000e+00 
   582 :  5.4151596e-01  1.1470588e+00 
   583 :  4.3963062e-01  6.1764706e-01 
   584 :  9.4905733e-01  5.5882353e-01 
   585 :  8.9811466e-01  5.2941176e-01 
   586 :  9.4927624e-01  1.8525620e+00 
   587 :  6.4340130e-01  7.3529412e-01 
   588 :  5.9245863e-01  3.5294118e-01 
   589 :  4.3963062e-01  6.7647059e-01 
   590 :  3.8868795e-01  5.8823529e-01 
   591 :  6.4340130e-01  1.5588235e+00 
   592 :  3.3774528e-01  7.3529412e-01 
   593 :  4.9057329e-01  9.4117647e-01 
   594 :  1.8491727e-01  8.2352941e-01 
   595 :  8.4717199e-01  3.8235294e-01 
   596 :  8.4717199e-01  7.3529412e-01 
   597 :  4.3963062e-01  9.1176471e-01 
   598 :  5.4151596e-01  1.5588235e+00 
   599 :  5.4151596e-01  9.7058824e-01 
   600 :  2.8680261e-01  4.1176471e-01 
   601 :  6.4340130e-01  6.7647059e-01 
   602 :  4.9057329e-01  1.7058824e+00 
   603 :  8.9811466e-01  1.2352941e+00 
   604 :  3.8868795e-01  1.4705882e+00 
   605 :  3.3774528e-01  1.4411765e+00 
   606 :  3.3774528e-01  1.3823529e+00 
   607 :  6.9434398e-01  8.8235294e-01 
   608 :  2.3592863e-01  1.7353331e+00 
   609 :  8.9811466e-01  1.3529412e+00 
   610 :  1.3675214e-01  1.7955181e+00 
   611 :  9.4905733e-01  2.6470588e-01 
   612 :  7.9622932e-01  3.5294118e-01 
   613 :  8.9811466e-01  5.8823529e-01 
   614 :  3.3774528e-01  1.5000000e+00 
   615 :  2.8680261e-01  1.4117647e+00 
   616 :  3.8868795e-01  8.8235294e-01 
   617 :  3.8868795e-01  8.2352941e-01 
   618 :  2.8680261e-01  1.2941176e+00 
   619 :  2.8680261e-01  1.5294118e+00 
   620 :  4.9481122e-02  1.4707526e-01 
   621 :  6.4340130e-01  1.8529412e+00 
   622 :  1.3486307e-01  1.1470588e+00 
   623 :  8.9811466e-01  9.4117647e-01 
   624 :  7.9622932e-01  1.3529412e+00 
   625 :  3.8868795e-01  2.9411765e-01 
   626 :  2.8680261e-01  4.7058824e-01 
   627 :  6.4340130e-01  1.7352941e+00 
   628 :  8.9811466e-01  2.3529412e-01 
   629 :  4.3963062e-01  2.6470588e-01 
   630 :  4.3965853e-01  2.0593069e-01 
   631 :  8.4717199e-01  1.0294118e+00 
   632 :  5.4151596e-01  2.0588235e-01 
   633 :  8.9811466e-01  8.2352941e-01 
   634 :  9.4905733e-01  8.5294118e-01 
   635 :  6.4340130e-01  6.1764706e-01 
   636 :  3.3774528e-01  7.9411765e-01 
   637 :  9.4905733e-01  9.1176471e-01 
   638 :  5.9245863e-01  4.1176471e-01 
   639 :  6.4340130e-01  4.4117647e-01 
   640 :  6.4340130e-01  5.0000000e-01 
   641 :  3.3774528e-01  1.6176471e+00 
   642 :  8.4717199e-01  1.3823529e+00 
   643 :  9.4905733e-01  1.3235294e+00 
   644 :  8.9849121e-01  1.8818111e+00 
   645 :  6.9434398e-01  1.7647059e+00 
   646 :  6.9422288e-01  1.8234796e+00 
   647 :  2.3595457e-01  3.2360295e-01 
   648 :  8.9811466e-01  7.6470588e-01 
   649 :  3.3774528e-01  1.5588235e+00 
   650 :  4.9057329e-01  1.1764706e-01 
   651 :  4.9060585e-01  1.7652699e-01 
   652 :  4.9055527e-01  1.7646379e+00 
   653 :  5.9245863e-01  1.5882353e+00 
   654 :  6.4340130e-01  1.2058824e+00 
   655 :  8.9811466e-01  1.6470588e+00 
   656 :  5.9245863e-01  1.1764706e+00 
   657 :  8.9811466e-01  7.0588235e-01 
   658 :  2.3585994e-01  1.5588235e+00 
   659 :  7.4528665e-01  1.7352941e+00 
   660 :  1.3397460e-01  2.0588235e-01 
   661 :  2.3597034e-01  3.8243874e-01 
   662 :  8.9811466e-01  6.4705882e-01 
   663 :  1.8562273e-01  1.5281899e+00 
   664 :  6.9434398e-01  5.8823529e-01 
   665 :  9.0430995e-01  1.9457146e+00 
   666 :  7.4528665e-01  5.5882353e-01 
   667 :  7.9622932e-01  5.8823529e-01 
   668 :  8.4717199e-01  5.0000000e-01 
   669 :  8.9811466e-01  4.7058824e-01 
   670 :  8.9811466e-01  3.5294118e-01 
   671 :  8.4717199e-01  5.5882353e-01 
   672 :  9.4905733e-01  3.2352941e-01 
   673 :  8.9811466e-01  4.1176471e-01 
   674 :  8.4715915e-01  2.0583918e-01 
   675 :  8.9841231e-01  1.7632609e-01 
   676 :  9.4969714e-01  1.4742137e-01 
   677 :  9.5145850e-01  9.0319974e-02 
   678 :  9.0009261e-02  5.0551072e-02 
   679 :  6.4679834e-01  1.9049994e+00 
   680 :  6.4658523e-01  9.5425413e-02 
   681 :  2.3498827e-01  1.9043898e+00 
   682 :  2.3499040e-01  9.5613362e-02 
   683 :  4.5776375e-02  4.4161771e-01 
   684 :  4.6709871e-02  1.0220803e+00 
   685 :  9.0329484e-02  3.5396913e-01 
   686 :  4.4715661e-02  1.7361323e+00 
   687 :  1.3820740e-01  1.6249785e+00 
   688 :  1.3784770e-01  1.5600850e+00 
   689 :  8.9527383e-02  1.6507364e+00 
   690 :  4.6709871e-02  1.0955667e+00 
   691 :  9.0004492e-02  1.8249955e+00 
   692 :  4.3970604e-02  1.9140867e+00 
   693 :  9.2458634e-02  1.7647059e-01 
   694 :  9.1526524e-02  1.1627208e-01 
   695 :  9.2458634e-02  2.3529412e-01 
   696 :  9.2458634e-02  5.2941176e-01 
   697 :  9.1521267e-02  2.9468440e-01 
   698 :  9.2458634e-02  5.8823529e-01 
   699 :  9.2458634e-02  6.4705882e-01 
   700 :  9.2458634e-02  7.0588235e-01 
   701 :  9.2458634e-02  7.6470588e-01 
   702 :  9.2458634e-02  8.2352941e-01 
   703 :  9.2458634e-02  8.8235294e-01 
   704 :  9.2458634e-02  9.4117647e-01 
   705 :  9.2450864e-02  1.4705882e+00 
   706 :  9.2458634e-02  1.2352941e+00 
   707 :  9.2458634e-02  1.3529412e+00 
   708 :  9.2458634e-02  1.1764706e+00 
   709 :  9.2457339e-02  1.4117647e+00 
   710 :  9.2458634e-02  1.2941176e+00 
   711 :  4.5466493e-02  3.8318451e-01 
   712 :  9.2505252e-02  4.7058824e-01 
   713 :  9.2505252e-02  1.1176471e+00 
   714 :  9.2643752e-02  1.5298992e+00 
   715 :  4.4090197e-02  1.6774614e+00 
   716 :  4.4714352e-02  1.8546277e+00 
   717 :  9.2505252e-02  1.0000000e+00 
   718 :  9.0238651e-02  1.7661866e+00 
   719 :  5.3559809e-01  9.6366330e-02 
   720 :  5.3536191e-01  1.9031036e+00 
   721 :  3.4505472e-01  9.7834164e-02 
   722 :  3.4505570e-01  1.9021611e+00 
   723 :  1.4373120e-01  1.9609883e+00 
   724 :  1.4368915e-01  3.8890481e-02 
   725 :  7.3615674e-01  1.9602882e+00 
   726 :  8.5109883e-01  3.8662333e-02 
   727 :  8.5233768e-01  1.9606256e+00 
   728 :  4.4106522e-01  3.9724259e-02 
   729 :  4.4101766e-01  1.9600473e+00 
   730 :  7.3529412e-01  3.8386037e-02 
   731 :  9.5693819e-01  1.9569382e+00 
   732 :  9.5693819e-01  4.3061812e-02 
   733 :  4.2762310e-02  4.2762310e-02 
   734 :  3.8463416e-02  1.9615366e+00 
Number of edges 102 
     0 :      0      4 
     1 :      4      5 
     2 :      5      6 
     3 :      6      7 
     4 :      7      8 
     5 :      8      9 
     6 :      9     10 
     7 :     10     11 
     8 :     11     12 
     9 :     12     13 
    10 :     13     14 
    11 :     14     15 
    12 :     15     16 
    13 :     16     17 
    14 :     17     18 
    15 :     18     19 
    16 :     19      1 
    17 :      1     20 
    18 :     20     21 
    19 :     21     22 
    20 :     22     23 
    21 :     23     24 
    22 :     24     25 
    23 :     25     26 
    24 :     26     27 
    25 :     27     28 
    26 :     28     29 
    27 :     29     30 
    28 :     30     31 
    29 :     31     32 
    30 :     32     33 
    31 :     33     34 
    32 :     34     35 
    33 :     35     36 
    34 :     36     37 
    35 :     37     38 
    36 :     38     39 
    37 :     39     40 
    38 :     40     41 
    39 :     41     42 
    40 :     42     43 
    41 :     43     44 
    42 :     44     45 
    43 :     45     46 
    44 :     46     47 
    45 :     47     48 
    46 :     48     49 
    47 :     49     50 
    48 :     50     51 
    49 :     51     52 
    50 :     52      2 
    51 :      2     53 
    52 :     53     54 
    53 :     54     55 
    54 :     55     56 
    55 :     56     57 
    56 :     57     58 
    57 :     58     59 
    58 :     59     60 
    59 :     60     61 
    60 :     61     62 
    61 :     62     63 
    62 :     63     64 
    63 :     64     65 
    64 :     65     66 
    65 :     66     67 
    66 :     67     68 
    67 :     68      3 
    68 :      3     69 
    69 :     69     70 
    70 :     70     71 
    71 :     71     72 
    72 :     72     73 
    73 :     73     74 
    74 :     74     75 
    75 :     75     76 
    76 :     76     77 
    77 :     77     78 
    78 :     78     79 
    79 :     79     80 
    80 :     80     81 
    81 :     81     82 
    82 :     82     83 
    83 :     83     84 
    84 :     84     85 
    85 :     85     86 
    86 :     86     87 
    87 :     87     88 
    88 :     88     89 
    89 :     89     90 
    90 :     90     91 
    91 :     91     92 
    92 :     92     93 
    93 :     93     94 
    94 :     94     95 
    95 :     95     96 
    96 :     96     97 
    97 :     97     98 
    98 :     98     99 
    99 :     99    100 
   100 :    100    101 
   101 :    101      0 
Number of triangles 1366 
     0 :    132    457    443
     1 :    445    447    129
     2 :    132    723    457
     3 :    447    724    129
     4 :    120    462    461
     5 :    119    577    481
     6 :    521    531    121
     7 :    403    570    569
     8 :    540    551    398
     9 :    455    456    118
    10 :    139    453    452
    11 :    461    725    120
    12 :    111    475    449
    13 :    110    650    448
    14 :    118    730    455
    15 :    481    722    119
    16 :    121    721    521
    17 :    684    690     84
    18 :    687    688    380
    19 :     54    665     53
    20 :    403    719    570
    21 :    551    720    398
    22 :      9    454    121
    23 :    119    476     63
    24 :    452    726    139
    25 :     10    454      9
    26 :     63    476     62
    27 :    131    452    450
    28 :    459    460    134
    29 :    441    690    684
    30 :    572    688    687
    31 :    665    731     53
    32 :    450    455    131
    33 :    398    679    540
    34 :    569    680    403
    35 :    447    694    678
    36 :    134    461    459
    37 :    111    729    475
    38 :    448    728    110
    39 :    140    458    457
    40 :    139    677    453
    41 :    521    682    531
    42 :    577    681    481
    43 :    678    694    137
    44 :    443    681    132
    45 :    129    682    445
    46 :    572    689    113
    47 :    687    689    572
    48 :    120    679    462
    49 :    385    455    450
    50 :    456    680    118
    51 :    110    719    650
    52 :    449    720    111
    53 :    685    697    473
    54 :     73    715    686
    55 :    691    718    610
    56 :     95    711    683
    57 :    385    456    455
    58 :     70    716    692
    59 :    454    721    121
    60 :    119    722    476
    61 :    131    726    452
    62 :    460    727    134
    63 :    385    492    456
    64 :    456    492    402
    65 :    252    652    477
    66 :    602    652    252
    67 :    465    594    467
    68 :    342    628    431
    69 :    431    628    611
    70 :    272    594    465
    71 :    467    594    438
    72 :    407    468    463
    73 :    272    465    463
    74 :    463    468    272
    75 :    109    662    613
    76 :    449    474    397
    77 :    449    475    474
    78 :    334    480    473
    79 :    473    480    415
    80 :    377    592    471
    81 :    377    471    350
    82 :    357    655    359
    83 :    638    639    197
    84 :    469    494    104
    85 :    377    636    592
    86 :    474    477    397
    87 :    232    659    645
    88 :    409    539    487
    89 :    350    589    524
    90 :    471    589    350
    91 :    459    461    386
    92 :    517    578    516
    93 :    585    671    668
    94 :    501    503    366
    95 :    477    652    397
    96 :    518    626    600
    97 :    241    661    647
    98 :    598    653    213
    99 :    353    612    595
   100 :    506    653    598
   101 :    128    500     49
   102 :    104    539    469
   103 :    478    514    149
   104 :    477    484    252
   105 :    373    608    547
   106 :    402    492    345
   107 :    407    592    468
   108 :    507    639    638
   109 :    306    484    405
   110 :    331    481    432
   111 :    494    509    104
   112 :    149    513    478
   113 :    358    525    470
   114 :    234    528    527
   115 :    287    578    517
   116 :    367    459    386
   117 :    469    539    409
   118 :    515    603    417
   119 :    364    501    366
   120 :    519    640    485
   121 :    305    520    434
   122 :    613    662    382
   123 :    133    509    495
   124 :    175    543    177
   125 :    368    652    602
   126 :    405    484    477
   127 :    513    515    410
   128 :    609    643    133
   129 :    248    575    265
   130 :    303    674    342
   131 :    592    636    468
   132 :    488    489    470
   133 :    470    525    488
   134 :    292    588    290
   135 :    378    649    641
   136 :    334    647    480
   137 :    437    526    482
   138 :    639    640    197
   139 :    595    612    383
   140 :    632    651    404
   141 :     79    108     78
   142 :    255    497    230
   143 :    232    645    627
   144 :    281    497    255
   145 :    392    508    319
   146 :    641    649    546
   147 :     97    535    116
   148 :    168    545    166
   149 :    234    483    169
   150 :    547    608    332
   151 :    576    603    423
   152 :    274    591    349
   153 :    301    550    307
   154 :    410    515    417
   155 :    537    607    565
   156 :     50    128     49
   157 :    524    589    323
   158 :    409    655    357
   159 :    478    513    410
   160 :     38    124     37
   161 :    472    643    609
   162 :     80    510     79
   163 :    145    515    513
   164 :    536    631    147
   165 :    167    234    169
   166 :    234    529    528
   167 :    408    541    254
   168 :    349    504    276
   169 :    520    521    434
   170 :    493    564    483
   171 :    495    509    494
   172 :    528    656    654
   173 :     98    535     97
   174 :    109    613    584
   175 :    210    561    545
   176 :    250    267    251
   177 :    387    521    520
   178 :    499    623    562
   179 :     44    509     43
   180 :    150    536    147
   181 :    492    550    345
   182 :    491    493    347
   183 :    526    541    408
   184 :    148    516    151
   185 :    218    602    252
   186 :    537    565    235
   187 :    296    588    292
   188 :    624    642    322
   189 :    464    526    408
   190 :    489    495    494
   191 :    559    618    561
   192 :    237    558    172
   193 :    543    598    177
   194 :    502    505    179
   195 :    498    536    235
   196 :    337    490    414
   197 :    369    416    371
   198 :    482    526    464
   199 :     76    571     75
   200 :    105    643    472
   201 :    192    496    194
   202 :    249    484    306
   203 :    298    507    296
   204 :    432    433    332
   205 :    489    494    470
   206 :    486    575    248
   207 :    488    525    275
   208 :    320    421    420
   209 :    491    504    502
   210 :     30    512    109
   211 :     36    141    103
   212 :    165    529    167
   213 :    167    169    168
   214 :    179    543    175
   215 :    218    252    239
   216 :    265    304    264
   217 :    475    476    406
   218 :    436    630    425
   219 :    165    167    166
   220 :    210    545    168
   221 :    261    520    305
   222 :    277    488    275
   223 :    359    360    281
   224 :    584    585    127
   225 :    149    516    148
   226 :    177    598    180
   227 :    323    496    192
   228 :    300    612    353
   229 :    395    399    304
   230 :    606    615    372
   231 :    600    626    412
   232 :     75    571    113
   233 :    233    522    163
   234 :    559    561    210
   235 :    518    600    219
   236 :    228    626    518
   237 :    259    542    236
   238 :    393    579    315
   239 :    318    320    319
   240 :    544    563    363
   241 :     17    131     16
   242 :     79    510    108
   243 :     92    534    135
   244 :    105    603    576
   245 :    495    609    133
   246 :    235    536    150
   247 :    516    578    151
   248 :    167    529    234
   249 :    265    575    310
   250 :    290    588    419
   251 :    507    588    296
   252 :    316    318    317
   253 :    321    392    319
   254 :    356    391    339
   255 :    418    624    344
   256 :    349    591    506
   257 :    395    441    399
   258 :    465    466    464
   259 :     47    487     46
   260 :     58    120     57
   261 :    165    582    529
   262 :    170    210    168
   263 :    239    240    227
   264 :    252    484    239
   265 :    417    603    472
   266 :    647    661    480
   267 :     26    555    112
   268 :     45    539    104
   269 :    562    623    103
   270 :    161    162    160
   271 :    167    168    166
   272 :    271    573    258
   273 :    293    632    346
   274 :    355    485    352
   275 :    429    499    498
   276 :    148    150    147
   277 :    184    186    185
   278 :    226    231    230
   279 :    227    641    546
   280 :    233    560    523
   281 :    278    504    491
   282 :    320    420    321
   283 :    322    489    488
   284 :    343    410    344
   285 :    356    538    530
   286 :    359    479    364
   287 :    384    673    669
   288 :     27    555     26
   289 :    117    511     32
   290 :     66    132     65
   291 :     99    130     98
   292 :    472    603    105
   293 :    185    236    183
   294 :    332    608    262
   295 :    282    491    347
   296 :    336    490    337
   297 :    530    538    399
   298 :    450    452    451
   299 :    511    657    512
   300 :     19    139     18
   301 :     30    109     29
   302 :     45    104     44
   303 :    125    510     80
   304 :     82    533     81
   305 :    185    587    238
   306 :    209    549    202
   307 :    227    546    205
   308 :    215    640    519
   309 :    234    527    483
   310 :    348    566    284
   311 :    411    471    285
   312 :    338    389    336
   313 :    356    568    538
   314 :    483    527    493
   315 :    491    502    493
   316 :    504    505    502
   317 :     78    532     77
   318 :     81    125     80
   319 :     93    534     92
   320 :    407    408    254
   321 :    538    568    264
   322 :    306    405    401
   323 :    307    385    341
   324 :    312    362    314
   325 :    323    583    496
   326 :    334    473    388
   327 :    346    632    404
   328 :    554    601    422
   329 :    423    603    515
   330 :    478    566    514
   331 :    565    607    542
   332 :     33    117     32
   333 :     77    532    126
   334 :    107    533     82
   335 :    173    564    179
   336 :    505    543    179
   337 :    190    524    323
   338 :    197    640    195
   339 :    202    549    199
   340 :    350    524    200
   341 :    288    549    209
   342 :    217    226    225
   343 :    246    247    221
   344 :    326    327    259
   345 :    306    331    262
   346 :    263    647    334
   347 :    271    636    573
   348 :    419    549    288
   349 :    294    296    292
   350 :    293    345    294
   351 :    307    550    492
   352 :    323    589    583
   353 :    331    432    332
   354 :    338    541    526
   355 :    386    646    376
   356 :    583    589    411
   357 :    548    549    419
   358 :    470    494    469
   359 :    523    575    486
   360 :     32    511     31
   361 :    487    539     46
   362 :     56    134     55
   363 :     81    533    125
   364 :    141    562    103
   365 :    154    537    152
   366 :    156    363    182
   367 :    266    336    273
   368 :    297    298    296
   369 :    297    550    301
   370 :    329    422    379
   371 :    338    526    437
   372 :    358    469    409
   373 :     43    509    133
   374 :     68    140     67
   375 :    101    137    100
   376 :    151    578    153
   377 :    153    157    155
   378 :    156    182    181
   379 :    157    159    158
   380 :    169    170    168
   381 :    182    183    181
   382 :    188    190    189
   383 :    192    193    191
   384 :    194    195    193
   385 :    196    197    195
   386 :    215    664    635
   387 :    219    241    222
   388 :    247    257    221
   389 :    229    253    245
   390 :    249    262    250
   391 :    263    308    261
   392 :    269    568    356
   393 :    285    592    407
   394 :    553    597    286
   395 :    294    550    297
   396 :    316    618    372
   397 :    324    563    544
   398 :    353    354    352
   399 :    479    501    364
   400 :    369    371    370
   401 :    452    453    451
   402 :    500    501    479
   403 :    569    570     13
   404 :     26    112     25
   405 :     28    127     27
   406 :     29    584     28
   407 :     28    584    127
   408 :     97    116     96
   409 :    164    581    160
   410 :    205    546    178
   411 :    184    187    186
   412 :    187    563    324
   413 :    194    198    196
   414 :    221    553    204
   415 :    218    239    227
   416 :    231    591    274
   417 :    239    249    240
   418 :    260    329    328
   419 :    276    504    278
   420 :    289    290    288
   421 :    293    294    292
   422 :    301    307    303
   423 :    324    544    374
   424 :    329    379    330
   425 :    354    381    355
   426 :    359    655    479
   427 :    375    459    367
   428 :    559    606    372
   429 :    411    589    471
   430 :    584    613    585
   431 :     87    556     86
   432 :     90    557    106
   433 :    130    535     98
   434 :    124    142    141
   435 :    159    161    160
   436 :    175    176    174
   437 :    177    178    176
   438 :    186    587    185
   439 :    201    206    202
   440 :    201    208    206
   441 :    212    218    205
   442 :    207    219    214
   443 :    558    559    210
   444 :    224    627    369
   445 :    230    497    232
   446 :    542    607    236
   447 :    250    251    240
   448 :    246    568    247
   449 :    249    306    262
   450 :    263    334    333
   451 :    282    284    283
   452 :    300    353    352
   453 :    301    303    302
   454 :    335    387    308
   455 :    313    579    394
   456 :    367    386    376
   457 :    407    463    408
   458 :    435    436    425
   459 :    429    498    428
   460 :    593    599    581
   461 :     14    569     13
   462 :     43    133     42
   463 :     48    114     47
   464 :     92    135     91
   465 :    162    522    203
   466 :    185    238    236
   467 :    224    368    216
   468 :    242    263    261
   469 :    248    265    264
   470 :    266    338    336
   471 :    269    339    270
   472 :    269    356    339
   473 :    293    346    345
   474 :    300    351    298
   475 :    399    538    304
   476 :    310    311    309
   477 :    337    413    412
   478 :    338    437    389
   479 :    346    404    403
   480 :    353    384    354
   481 :    369    370    368
   482 :    373    547    400
   483 :    376    646    645
   484 :    487    655    409
   485 :    522    523    486
   486 :      9    121      8
   487 :    121    531      8
   488 :     12    570    110
   489 :     31    512     30
   490 :    511    512     31
   491 :     58    540    120
   492 :    571    572    113
   493 :    161    163    162
   494 :    483    564    171
   495 :    198    552    201
   496 :    228    518    206
   497 :    208    590    229
   498 :    219    222    214
   499 :    238    259    236
   500 :    238    587    554
   501 :    263    333    308
   502 :    267    340    268
   503 :    290    419    288
   504 :    297    299    298
   505 :    305    425    424
   506 :    309    622    395
   507 :    312    313    311
   508 :    427    428    327
   509 :    527    528    348
   510 :    375    644    460
   511 :    457    458    444
   512 :    502    564    493
   513 :    604    614    605
   514 :      7    531    129
   515 :     36    103     35
   516 :     49    500     48
   517 :    146    148    147
   518 :    179    564    502
   519 :    201    552    208
   520 :    207    214    209
   521 :    212    602    218
   522 :    229    590    253
   523 :    238    260    259
   524 :    253    285    254
   525 :    272    468    271
   526 :    322    488    277
   527 :    345    550    294
   528 :    317    508    393
   529 :    330    361    328
   530 :    401    481    331
   531 :    352    485    351
   532 :    356    530    391
   533 :    369    627    416
   534 :    400    442    390
   535 :    414    415    413
   536 :    443    444    433
   537 :    466    482    464
   538 :      7    129      6
   539 :    127    555     27
   540 :     39    580     38
   541 :     40    576     39
   542 :     41    105     40
   543 :     46    539     45
   544 :     65    577     64
   545 :     90    106     89
   546 :    670    672    112
   547 :    169    171    170
   548 :    182    563    184
   549 :    190    323    192
   550 :    223    288    209
   551 :    214    625    223
   552 :    257    553    221
   553 :    270    271    258
   554 :    331    332    262
   555 :    279    322    277
   556 :    289    629    295
   557 :    300    352    351
   558 :    305    434    425
   559 :    312    574    362
   560 :    314    315    313
   561 :    320    321    319
   562 :    329    554    422
   563 :    337    414    413
   564 :    373    390    340
   565 :    346    403    402
   566 :    355    519    485
   567 :    616    617    374
   568 :    435    448    436
   569 :    435    454    448
   570 :    463    465    464
   571 :    465    467    466
   572 :     12    110     11
   573 :     15    118     14
   574 :     23    123     22
   575 :    576    580     39
   576 :    105    576     40
   577 :     51    586     50
   578 :     59    540     58
   579 :     64    119     63
   580 :     94    102     93
   581 :    153    154    152
   582 :    181    537    154
   583 :    171    172    170
   584 :    188    524    190
   585 :    201    202    199
   586 :    206    207    202
   587 :    214    223    209
   588 :    231    274    256
   589 :    247    258    257
   590 :    258    573    257
   591 :    274    276    275
   592 :    307    492    385
   593 :    316    317    315
   594 :    318    319    317
   595 :    321    439    392
   596 :    461    462    386
   597 :    405    406    401
   598 :    417    472    418
   599 :    593    597    544
   600 :     61    111     60
   601 :     88    136     87
   602 :    106    567     89
   603 :     91    557     90
   604 :    128    503    501
   605 :    148    151    150
   606 :    151    153    152
   607 :    157    158    155
   608 :    158    599    155
   609 :    157    287    159
   610 :    363    563    182
   611 :    192    194    193
   612 :    194    196    195
   613 :    198    199    196
   614 :    496    552    198
   615 :    213    217    216
   616 :    217    225    224
   617 :    225    627    224
   618 :    231    256    255
   619 :    266    273    244
   620 :    274    275    256
   621 :    260    328    326
   622 :    260    554    329
   623 :    270    272    271
   624 :    337    412    273
   625 :    276    277    275
   626 :    276    278    277
   627 :    333    335    308
   628 :    320    615    421
   629 :    326    596    426
   630 :    389    490    336
   631 :    354    355    352
   632 :    353    595    384
   633 :    463    464    408
   634 :    415    480    413
   635 :    414    440    415
   636 :    418    642    624
   637 :    434    435    425
   638 :    446    447    445
   639 :     24    611     23
   640 :     60    551     59
   641 :     64    577    119
   642 :    159    582    161
   643 :    203    204    164
   644 :    204    286    164
   645 :    173    174    172
   646 :    180    598    213
   647 :    236    607    183
   648 :    215    635    193
   649 :    199    549    548
   650 :    213    216    212
   651 :    242    243    222
   652 :    229    245    244
   653 :    242    261    243
   654 :    245    266    244
   655 :    264    568    246
   656 :    247    568    269
   657 :    257    616    553
   658 :    339    594    270
   659 :    274    349    276
   660 :    278    279    277
   661 :    286    593    581
   662 :    291    292    290
   663 :    306    401    331
   664 :    394    622    311
   665 :    396    397    370
   666 :    544    597    374
   667 :    474    475    406
   668 :    429    623    499
   669 :    514    517    516
   670 :    118    569     14
   671 :     23    611    123
   672 :    111    551     60
   673 :    132    577     65
   674 :     89    567     88
   675 :    100    620     99
   676 :    124    580    143
   677 :    143    423    145
   678 :    143    580    423
   679 :    169    483    171
   680 :    171    173    172
   681 :    180    205    178
   682 :    178    546    211
   683 :    200    524    188
   684 :    198    201    199
   685 :    324    325    200
   686 :    325    350    200
   687 :    229    244    228
   688 :    244    626    228
   689 :    253    411    285
   690 :    266    541    338
   691 :    278    282    279
   692 :    280    357    281
   693 :    357    359    281
   694 :    360    497    281
   695 :    286    597    593
   696 :    342    383    302
   697 :    325    377    350
   698 :    450    451    341
   699 :    372    618    559
   700 :    109    584     29
   701 :    124    141     37
   702 :     88    567    136
   703 :    124    143    142
   704 :    142    562    141
   705 :    423    515    145
   706 :    195    215    193
   707 :    196    548    197
   708 :    203    486    220
   709 :    203    522    486
   710 :    208    229    228
   711 :    224    369    368
   712 :    233    523    522
   713 :    237    606    558
   714 :    253    254    245
   715 :    254    541    245
   716 :    336    337    273
   717 :    282    283    279
   718 :    284    343    283
   719 :    289    295    291
   720 :    294    297    296
   721 :    299    300    298
   722 :    301    302    299
   723 :    329    330    328
   724 :    334    388    333
   725 :    391    438    339
   726 :    343    566    478
   727 :    493    527    347
   728 :    627    645    416
   729 :    425    630    424
   730 :    498    565    428
   731 :    657    662    512
   732 :    136    556     87
   733 :     99    620    130
   734 :    138    644    586
   735 :    143    144    142
   736 :    145    146    144
   737 :    145    513    146
   738 :    146    513    149
   739 :    165    166    163
   740 :    286    581    164
   741 :    166    545    233
   742 :    204    553    286
   743 :    208    228    206
   744 :    207    518    219
   745 :    552    590    208
   746 :    226    230    225
   747 :    285    407    254
   748 :    267    608    373
   749 :    351    507    298
   750 :    347    527    348
   751 :    427    429    428
   752 :    586    644    503
   753 :    545    561    560
   754 :     13    570     12
   755 :    144    631    142
   756 :    143    145    144
   757 :    146    147    144
   758 :    162    164    160
   759 :    175    177    176
   760 :    180    213    212
   761 :    203    220    204
   762 :    220    221    204
   763 :    241    242    222
   764 :    230    232    225
   765 :    261    305    243
   766 :    305    424    243
   767 :    253    590    411
   768 :    256    280    255
   769 :    260    326    259
   770 :    319    508    317
   771 :    426    427    327
   772 :    385    450    341
   773 :    427    430    429
   774 :    443    457    444
   775 :    566    654    514
   776 :    654    656    517
   777 :    668    669    585
   778 :      8    531      7
   779 :     33    634    117
   780 :    135    557     91
   781 :    117    648    511
   782 :    633    648    117
   783 :    146    149    148
   784 :    155    156    154
   785 :    161    582    165
   786 :    171    564    173
   787 :    177    180    178
   788 :    180    212    205
   789 :    545    560    233
   790 :    235    565    498
   791 :    247    269    258
   792 :    268    378    251
   793 :    304    538    264
   794 :    265    309    304
   795 :    267    373    340
   796 :    471    592    285
   797 :    295    651    632
   798 :    299    612    300
   799 :    309    395    304
   800 :    312    314    313
   801 :    362    618    314
   802 :    326    426    327
   803 :    330    382    361
   804 :    335    445    387
   805 :    438    594    339
   806 :    346    402    345
   807 :    349    506    505
   808 :    366    367    365
   809 :    366    375    367
   810 :    373    400    390
   811 :    375    460    459
   812 :    617    636    377
   813 :    405    474    406
   814 :    496    583    552
   815 :    499    631    536
   816 :    506    543    505
   817 :    591    653    506
   818 :    558    606    559
   819 :    605    615    606
   820 :     34    637    634
   821 :     52    138     51
   822 :    147    631    144
   823 :    153    155    154
   824 :    156    181    154
   825 :    155    599    156
   826 :    156    599    363
   827 :    157    578    287
   828 :    161    165    163
   829 :    166    233    163
   830 :    182    184    183
   831 :    187    200    188
   832 :    194    496    198
   833 :    207    209    202
   834 :    223    289    288
   835 :    232    627    225
   836 :    497    659    232
   837 :    238    554    260
   838 :    273    626    244
   839 :    289    291    290
   840 :    291    293    292
   841 :    325    617    377
   842 :    363    593    544
   843 :    404    651    650
   844 :    405    477    474
   845 :    421    619    420
   846 :    634    637    430
   847 :    562    631    499
   848 :    514    654    517
   849 :    529    656    528
   850 :    573    617    616
   851 :     37    141     36
   852 :     86    115     85
   853 :     86    556    115
   854 :    152    537    235
   855 :    160    581    158
   856 :    163    522    162
   857 :    173    179    175
   858 :    187    188    186
   859 :    189    587    186
   860 :    190    191    189
   861 :    231    255    230
   862 :    307    341    303
   863 :    315    579    313
   864 :    314    618    316
   865 :    372    615    318
   866 :    324    374    325
   867 :    342    431    383
   868 :    560    561    362
   869 :    597    616    374
   870 :    506    598    543
   871 :    623    637    103
   872 :    152    235    150
   873 :    159    160    158
   874 :    581    599    158
   875 :    287    582    159
   876 :    174    237    172
   877 :    183    607    181
   878 :    181    607    537
   879 :    184    563    187
   880 :    188    189    186
   881 :    187    324    200
   882 :    625    629    223
   883 :    245    541    266
   884 :    310    312    311
   885 :    499    536    498
   886 :    507    638    588
   887 :    103    637     35
   888 :     72    122     71
   889 :    184    185    183
   890 :    218    227    205
   891 :    217    224    216
   892 :    249    250    240
   893 :    265    310    309
   894 :    412    626    273
   895 :    278    491    282
   896 :    343    344    283
   897 :    314    316    315
   898 :    358    470    469
   899 :    364    366    365
   900 :    396    449    397
   901 :    432    443    433
   902 :    613    671    585
   903 :    126    571     76
   904 :    114    500    479
   905 :    128    586    503
   906 :    174    604    237
   907 :    189    601    587
   908 :    191    635    601
   909 :    206    518    207
   910 :    604    605    237
   911 :    239    484    249
   912 :    248    264    246
   913 :    297    301    299
   914 :    374    617    325
   915 :    601    635    422
   916 :    428    565    542
   917 :    495    642    609
   918 :    560    574    523
   919 :    583    590    552
   920 :    587    601    554
   921 :     75    113     74
   922 :     83    107     82
   923 :    195    640    215
   924 :    219    600    241
   925 :    220    248    246
   926 :    424    625    243
   927 :    250    608    267
   928 :    327    542    259
   929 :    308    520    261
   930 :    328    596    326
   931 :    349    505    504
   932 :    362    574    560
   933 :    619    649    378
   934 :    485    640    639
   935 :     77    126     76
   936 :    172    558    170
   937 :    275    525    256
   938 :    256    525    280
   939 :    269    270    258
   940 :    340    380    268
   941 :    311    622    309
   942 :    316    372    318
   943 :    322    642    489
   944 :    335    446    445
   945 :    363    599    593
   946 :    371    396    370
   947 :    553    616    597
   948 :    573    636    617
   949 :    614    649    619
   950 :    137    620    100
   951 :    162    203    164
   952 :    176    604    174
   953 :    178    211    176
   954 :    220    246    221
   955 :    280    525    358
   956 :    310    575    574
   957 :    313    394    311
   958 :    343    478    410
   959 :    359    364    360
   960 :    561    618    362
   961 :    371    398    396
   962 :    411    590    583
   963 :    424    629    625
   964 :    102    534     93
   965 :    512    662    109
   966 :    128    501    500
   967 :    270    594    272
   968 :    284    566    343
   969 :    303    342    302
   970 :    387    520    308
   971 :    367    376    365
   972 :    366    503    375
   973 :    658    663    420
   974 :    614    619    421
   975 :    427    633    430
   976 :    133    643     42
   977 :    211    614    604
   978 :    519    664    215
   979 :    267    268    251
   980 :    573    616    257
   981 :    291    632    293
   982 :    348    654    566
   983 :    371    621    398
   984 :     41    643    105
   985 :     50    586    128
   986 :    151    152    150
   987 :    153    578    157
   988 :    191    601    189
   989 :    199    548    196
   990 :    243    625    222
   991 :    468    636    271
   992 :    279    624    322
   993 :    317    393    315
   994 :    381    666    355
   995 :    380    663    658
   996 :    547    610    400
   997 :    426    648    633
   998 :     38    580    124
   999 :    222    625    214
  1000 :    600    661    241
  1001 :    262    608    250
  1002 :    310    574    312
  1003 :    428    542    327
  1004 :    361    596    328
  1005 :    364    365    360
  1006 :    605    614    421
  1007 :    423    580    576
  1008 :    104    509     44
  1009 :    170    558    210
  1010 :    410    417    344
  1011 :    485    639    351
  1012 :    421    615    605
  1013 :    424    630    629
  1014 :     34    634     33
  1015 :     35    637     34
  1016 :    114    487     47
  1017 :    193    635    191
  1018 :    282    347    284
  1019 :    287    656    582
  1020 :    595    673    384
  1021 :    611    628    123
  1022 :    142    631    562
  1023 :    302    612    299
  1024 :    318    615    320
  1025 :     59    551    540
  1026 :    117    634    633
  1027 :    514    516    149
  1028 :    190    192    191
  1029 :    344    624    283
  1030 :    426    633    427
  1031 :    430    637    623
  1032 :    528    654    348
  1033 :    462    646    386
  1034 :     42    643     41
  1035 :    108    532     78
  1036 :    213    653    217
  1037 :    241    647    242
  1038 :    380    658    268
  1039 :    517    656    287
  1040 :    295    632    291
  1041 :    629    630    295
  1042 :    361    662    657
  1043 :    226    591    231
  1044 :    280    281    255
  1045 :    419    638    548
  1046 :    548    638    197
  1047 :    268    658    378
  1048 :    283    624    279
  1049 :    416    621    371
  1050 :    645    659    376
  1051 :    430    623    429
  1052 :    220    486    248
  1053 :    223    629    289
  1054 :    280    358    357
  1055 :    417    418    344
  1056 :    574    575    523
  1057 :    216    602    212
  1058 :    358    409    357
  1059 :    138    586     51
  1060 :    383    612    302
  1061 :    472    609    418
  1062 :    211    604    176
  1063 :    242    647    263
  1064 :    609    642    418
  1065 :    635    664    422
  1066 :    444    610    433
  1067 :    347    348    284
  1068 :    173    175    174
  1069 :    503    644    375
  1070 :    645    646    416
  1071 :    605    606    237
  1072 :    668    671    381
  1073 :    621    646    462
  1074 :     48    500    114
  1075 :    433    547    332
  1076 :    596    648    426
  1077 :    489    642    495
  1078 :    114    655    487
  1079 :    378    658    619
  1080 :    413    661    412
  1081 :    588    638    419
  1082 :    378    641    251
  1083 :    360    659    497
  1084 :    365    659    360
  1085 :    412    661    600
  1086 :    633    634    430
  1087 :    342    674    628
  1088 :    361    657    596
  1089 :    619    658    420
  1090 :    420    663    321
  1091 :    240    641    227
  1092 :    433    610    547
  1093 :    368    602    216
  1094 :    582    656    529
  1095 :    351    639    507
  1096 :    376    659    365
  1097 :    448    650    436
  1098 :    519    666    664
  1099 :    335    660    446
  1100 :    436    651    630
  1101 :    630    651    295
  1102 :    648    657    511
  1103 :    382    662    361
  1104 :    664    666    379
  1105 :    416    646    621
  1106 :    217    653    226
  1107 :    480    661    413
  1108 :    379    667    330
  1109 :    355    666    519
  1110 :    330    667    382
  1111 :    381    667    666
  1112 :    211    649    614
  1113 :    251    641    240
  1114 :    479    655    114
  1115 :    388    660    333
  1116 :    596    657    648
  1117 :    333    660    335
  1118 :    422    664    379
  1119 :    546    649    211
  1120 :    321    663    439
  1121 :    585    669    127
  1122 :    112    672     25
  1123 :    666    667    379
  1124 :    383    670    595
  1125 :    384    669    668
  1126 :    644    665    460
  1127 :     24    672    611
  1128 :    650    651    436
  1129 :    226    653    591
  1130 :    138    665    644
  1131 :    611    672    431
  1132 :    354    668    381
  1133 :    397    652    370
  1134 :    341    674    303
  1135 :    431    672    670
  1136 :    370    652    368
  1137 :    667    671    382
  1138 :     22    676     21
  1139 :    382    671    613
  1140 :    384    668    354
  1141 :    669    673    555
  1142 :    670    673    595
  1143 :    127    669    555
  1144 :    431    670    383
  1145 :    381    671    667
  1146 :     25    672     24
  1147 :    555    673    112
  1148 :    674    675    628
  1149 :    451    674    341
  1150 :    451    675    674
  1151 :    453    675    451
  1152 :    112    673    670
  1153 :    628    675    123
  1154 :    453    676    675
  1155 :    675    676    123
  1156 :    123    676     22
  1157 :    140    692    458
  1158 :    122    718    691
  1159 :    686    715    442
  1160 :    683    711    440
  1161 :    116    697    685
  1162 :    692    716    458
  1163 :     21    677     20
  1164 :    453    677    676
  1165 :    134    725    461
  1166 :    678    724    447
  1167 :    455    730    131
  1168 :    621    679    398
  1169 :    403    680    402
  1170 :    476    729     62
  1171 :     10    728    454
  1172 :    676    677     21
  1173 :     95    683     94
  1174 :     85    684     84
  1175 :    415    685    473
  1176 :     73    686     72
  1177 :     84    690     83
  1178 :    340    687    380
  1179 :    444    691    610
  1180 :    380    688    663
  1181 :    571    714    572
  1182 :    116    711     96
  1183 :    414    712    440
  1184 :    400    718    442
  1185 :    113    715     74
  1186 :    395    713    441
  1187 :    441    717    399
  1188 :    122    716     71
  1189 :     70    692     69
  1190 :    404    719    403
  1191 :    398    720    396
  1192 :      5    678      4
  1193 :    457    723    140
  1194 :    476    722    406
  1195 :    521    721    434
  1196 :    435    721    454
  1197 :    401    722    481
  1198 :    140    723     67
  1199 :     66    723    132
  1200 :    129    724      6
  1201 :    120    725     57
  1202 :     56    725    134
  1203 :    139    726     18
  1204 :     17    726    131
  1205 :    134    727     55
  1206 :    110    728     11
  1207 :     61    729    111
  1208 :     15    730    118
  1209 :    131    730     16
  1210 :    570    719    110
  1211 :    111    720    551
  1212 :      2    731     52
  1213 :     53    731      2
  1214 :      1    732     19
  1215 :     20    732      1
  1216 :    138    731    665
  1217 :    387    682    521
  1218 :    481    681    432
  1219 :      0    733    101
  1220 :      4    733      0
  1221 :    432    681    443
  1222 :    445    682    387
  1223 :      5    724    678
  1224 :    475    729    476
  1225 :    454    728    448
  1226 :    402    680    456
  1227 :    118    680    569
  1228 :    462    679    621
  1229 :    540    679    120
  1230 :    531    682    129
  1231 :    132    681    577
  1232 :    440    712    683
  1233 :    685    711    116
  1234 :    572    714    688
  1235 :    684    717    441
  1236 :    442    718    686
  1237 :    441    713    690
  1238 :    689    715    113
  1239 :    691    716    122
  1240 :     94    683    102
  1241 :    440    685    415
  1242 :    115    684     85
  1243 :     72    686    122
  1244 :    390    689    687
  1245 :    390    687    340
  1246 :    442    689    390
  1247 :    663    688    439
  1248 :    458    691    444
  1249 :     83    690    107
  1250 :     54    727    665
  1251 :    102    712    696
  1252 :    704    717    115
  1253 :    439    714    705
  1254 :    107    713    708
  1255 :    703    704    556
  1256 :    391    704    703
  1257 :    533    708    706
  1258 :    701    702    567
  1259 :    660    695    693
  1260 :    706    708    394
  1261 :    473    697    388
  1262 :    388    697    695
  1263 :    467    702    701
  1264 :    620    693    130
  1265 :    438    702    467
  1266 :    693    695    130
  1267 :    696    698    534
  1268 :    388    695    660
  1269 :    137    694    620
  1270 :    446    694    447
  1271 :    389    698    696
  1272 :    620    694    693
  1273 :    660    693    446
  1274 :    567    702    136
  1275 :    102    696    534
  1276 :    706    710    125
  1277 :    534    698    135
  1278 :    705    709    392
  1279 :    130    695    535
  1280 :    391    703    438
  1281 :    556    704    115
  1282 :    482    699    437
  1283 :    699    700    557
  1284 :    535    697    116
  1285 :    693    694    446
  1286 :    437    698    389
  1287 :    389    696    490
  1288 :    135    699    557
  1289 :    392    709    508
  1290 :    698    699    135
  1291 :    482    700    699
  1292 :    125    710    510
  1293 :    533    706    125
  1294 :    557    700    106
  1295 :    437    699    698
  1296 :    695    697    535
  1297 :    466    701    700
  1298 :    394    708    622
  1299 :    700    701    106
  1300 :    466    700    482
  1301 :    508    707    393
  1302 :    467    701    466
  1303 :    508    709    707
  1304 :    439    705    392
  1305 :    106    701    567
  1306 :    136    703    556
  1307 :    532    709    705
  1308 :    579    710    706
  1309 :    107    708    533
  1310 :    532    705    126
  1311 :    579    706    394
  1312 :    510    707    108
  1313 :    530    704    391
  1314 :    108    709    532
  1315 :    707    709    108
  1316 :    393    710    579
  1317 :    438    703    702
  1318 :    702    703    136
  1319 :    510    710    707
  1320 :    707    710    393
  1321 :    696    712    490
  1322 :    530    717    704
  1323 :    705    714    126
  1324 :    708    713    622
  1325 :     96    711     95
  1326 :    490    712    414
  1327 :     74    715     73
  1328 :    622    713    395
  1329 :    126    714    571
  1330 :     71    716     70
  1331 :    399    717    530
  1332 :    610    718    400
  1333 :    650    719    404
  1334 :    396    720    449
  1335 :    434    721    435
  1336 :    406    722    401
  1337 :     67    723     66
  1338 :      6    724      5
  1339 :      3    734     68
  1340 :     69    734      3
  1341 :     57    725     56
  1342 :     18    726     17
  1343 :     55    727     54
  1344 :    665    727    460
  1345 :     11    728     10
  1346 :     62    729     61
  1347 :     16    730     15
  1348 :     68    734    140
  1349 :    677    732     20
  1350 :    101    733    137
  1351 :     52    731    138
  1352 :     19    732    139
  1353 :    683    712    102
  1354 :    440    711    685
  1355 :    115    717    684
  1356 :    686    718    122
  1357 :    688    714    439
  1358 :    690    713    107
  1359 :    442    715    689
  1360 :    458    716    691
  1361 :    139    732    677
  1362 :    137    733    678
  1363 :    678    733      4
  1364 :    140    734    692
  1365 :    692    734     69
Number of domains 4
  Domain :      0 
  Name : Bottom
  Number of elements :     17
     0     1     2     3     4     5     6     7     8     9
    10    11    12    13    14    15    16
  Domain :      1 
  Name : Entity 1 
  Number of elements :     34
    17    18    19    20    21    22    23    24    25    26
    27    28    29    30    31    32    33    34    35    36
    37    38    39    40    41    42    43    44    45    46
    47    48    49    50
  Domain :      2 
  Name : Top
  Number of elements :     17
    51    52    53    54    55    56    57    58    59    60
    61    62    63    64    65    66    67
  Domain :      3 
  Name : Axis
  Number of elements :     34
    68    69    70    71    72    73    74    75    76    77
    78    79    80    81    82    83    84    85    86    87
    88    89    90    91    92    93    94    95    96    97
    98    99   100   101
