Number of nodes 264 
     0 :  0.0000000e+00  0.0000000e+00 
     1 :  0.0000000e+00  8.0000000e+00 
     2 :  2.0000000e+00  8.0000000e+00 
     3 :  2.0000000e+00  6.0000000e+00 
     4 :  2.0000000e+00  4.5000000e+00 
     5 :  1.5000000e+00  4.0000000e+00 
     6 :  1.0000000e+00  3.5000000e+00 
     7 :  1.0000000e+00  2.0000000e+00 
     8 :  1.0000000e+00  5.0000000e-01 
     9 :  5.0000000e-01  0.0000000e+00 
    10 :  0.0000000e+00  7.7333333e+00 
    11 :  0.0000000e+00  7.4666667e+00 
    12 :  0.0000000e+00  7.2000000e+00 
    13 :  0.0000000e+00  6.9333333e+00 
    14 :  0.0000000e+00  6.6666667e+00 
    15 :  0.0000000e+00  6.4000000e+00 
    16 :  0.0000000e+00  6.1333333e+00 
    17 :  0.0000000e+00  5.8666667e+00 
    18 :  0.0000000e+00  5.6000000e+00 
    19 :  0.0000000e+00  5.3333333e+00 
    20 :  0.0000000e+00  5.0666667e+00 
    21 :  0.0000000e+00  4.8000000e+00 
    22 :  0.0000000e+00  4.5333333e+00 
    23 :  0.0000000e+00  4.2666667e+00 
    24 :  0.0000000e+00  4.0000000e+00 
    25 :  0.0000000e+00  3.7333333e+00 
    26 :  0.0000000e+00  3.4666667e+00 
    27 :  0.0000000e+00  3.2000000e+00 
    28 :  0.0000000e+00  2.9333333e+00 
    29 :  0.0000000e+00  2.6666667e+00 
    30 :  0.0000000e+00  2.4000000e+00 
    31 :  0.0000000e+00  2.1333333e+00 
    32 :  0.0000000e+00  1.8666667e+00 
    33 :  0.0000000e+00  1.6000000e+00 
    34 :  0.0000000e+00  1.3333333e+00 
    35 :  0.0000000e+00  1.0666667e+00 
    36 :  0.0000000e+00  8.0000000e-01 
    37 :  0.0000000e+00  5.3333333e-01 
    38 :  0.0000000e+00  2.6666667e-01 
    39 :  1.7500000e+00  8.0000000e+00 
    40 :  1.5000000e+00  8.0000000e+00 
    41 :  1.2500000e+00  8.0000000e+00 
    42 :  1.0000000e+00  8.0000000e+00 
    43 :  7.5000000e-01  8.0000000e+00 
    44 :  5.0000000e-01  8.0000000e+00 
    45 :  2.5000000e-01  8.0000000e+00 
    46 :  2.0000000e+00  6.2500000e+00 
    47 :  2.0000000e+00  6.5000000e+00 
    48 :  2.0000000e+00  6.7500000e+00 
    49 :  2.0000000e+00  7.0000000e+00 
    50 :  2.0000000e+00  7.2500000e+00 
    51 :  2.0000000e+00  7.5000000e+00 
    52 :  2.0000000e+00  7.7500000e+00 
    53 :  2.0000000e+00  4.7500000e+00 
    54 :  2.0000000e+00  5.0000000e+00 
    55 :  2.0000000e+00  5.2500000e+00 
    56 :  2.0000000e+00  5.5000000e+00 
    57 :  2.0000000e+00  5.7500000e+00 
    58 :  1.7500000e+00  4.0669873e+00 
    59 :  1.9330127e+00  4.2500000e+00 
    60 :  1.0669873e+00  3.7500000e+00 
    61 :  1.2500000e+00  3.9330127e+00 
    62 :  1.0000000e+00  2.2500000e+00 
    63 :  1.0000000e+00  2.5000000e+00 
    64 :  1.0000000e+00  2.7500000e+00 
    65 :  1.0000000e+00  3.0000000e+00 
    66 :  1.0000000e+00  3.2500000e+00 
    67 :  1.0000000e+00  7.5000000e-01 
    68 :  1.0000000e+00  1.0000000e+00 
    69 :  1.0000000e+00  1.2500000e+00 
    70 :  1.0000000e+00  1.5000000e+00 
    71 :  1.0000000e+00  1.7500000e+00 
    72 :  7.5000000e-01  6.6987298e-02 
    73 :  9.3301270e-01  2.5000000e-01 
    74 :  2.5000000e-01  0.0000000e+00 
    75 :  1.7834936e+00  6.8750000e+00 
    76 :  1.7696326e+00  5.1428937e+00 
    77 :  1.7774668e+00  5.8782521e+00 
    78 :  2.4254812e-01  6.2612845e+00 
    79 :  2.4670568e-01  5.5187357e+00 
    80 :  2.3094011e-01  7.0666667e+00 
    81 :  2.5778723e-01  4.6602830e+00 
    82 :  1.1564979e+00  7.8037755e+00 
    83 :  1.3088837e+00  4.1751628e+00 
    84 :  1.8007204e+00  6.3314455e+00 
    85 :  2.2882688e-01  4.1362956e+00 
    86 :  6.1398589e-01  7.8043792e+00 
    87 :  1.7834936e+00  7.3750000e+00 
    88 :  8.2568165e-01  6.3679243e-01 
    89 :  7.7695273e-01  3.4020970e+00 
    90 :  7.9443159e-01  1.1039776e+00 
    91 :  8.2186477e-01  2.8595087e+00 
    92 :  7.9580692e-01  1.6212257e+00 
    93 :  7.9557313e-01  2.3785716e+00 
    94 :  1.8045166e+00  4.6384834e+00 
    95 :  1.0494039e+00  4.1143260e+00 
    96 :  1.1297320e+00  4.3648152e+00 
    97 :  2.3021559e-01  1.9984552e+00 
    98 :  8.8724401e-01  4.2962924e+00 
    99 :  9.5083336e-01  4.5484951e+00 
   100 :  1.2001206e+00  4.6162215e+00 
   101 :  1.0182038e+00  4.7989233e+00 
   102 :  2.3094011e-01  3.6000000e+00 
   103 :  1.2675020e+00  4.8657970e+00 
   104 :  1.0856509e+00  5.0489273e+00 
   105 :  8.3546808e-01  4.9821227e+00 
   106 :  9.0349693e-01  5.2319882e+00 
   107 :  1.1532642e+00  5.2983646e+00 
   108 :  9.7160701e-01  5.4813495e+00 
   109 :  1.2209814e+00  5.5471659e+00 
   110 :  1.0398034e+00  5.7308585e+00 
   111 :  7.8939045e-01  5.6649012e+00 
   112 :  8.5809376e-01  5.9146241e+00 
   113 :  1.1082791e+00  5.9801078e+00 
   114 :  9.2712059e-01  6.1638319e+00 
   115 :  1.1767673e+00  6.2285160e+00 
   116 :  9.9613966e-01  6.4124657e+00 
   117 :  1.2456989e+00  6.4759823e+00 
   118 :  1.0653179e+00  6.6601482e+00 
   119 :  8.1513892e-01  6.5958787e+00 
   120 :  8.8478164e-01  6.8442402e+00 
   121 :  1.1338799e+00  6.9079452e+00 
   122 :  9.5454673e-01  7.0914704e+00 
   123 :  1.2020941e+00  7.1553802e+00 
   124 :  2.3066786e-01  9.3042465e-01 
   125 :  2.2447771e-01  3.0546692e+00 
   126 :  6.0640210e-01  5.8493765e+00 
   127 :  2.3103549e-01  1.4658602e+00 
   128 :  2.3128763e-01  2.5306593e+00 
   129 :  2.3351725e-01  3.9266341e-01 
   130 :  8.3063435e-01  4.0987300e+00 
   131 :  6.5239308e-01  5.1653335e+00 
   132 :  6.3564608e-01  6.7798551e+00 
   133 :  6.7037206e-01  4.4579051e+00 
   134 :  1.0246957e+00  7.3330281e+00 
   135 :  7.7620738e-01  7.2737625e+00 
   136 :  1.2716332e+00  7.3944079e+00 
   137 :  1.3562249e+00  6.0454335e+00 
   138 :  1.3975955e+00  5.3654635e+00 
   139 :  1.6250866e+00  7.8186528e+00 
   140 :  2.3364615e-01  7.6022501e+00 
   141 :  8.2095571e-01  3.6480587e+00 
   142 :  5.9656002e-01  4.9123021e+00 
   143 :  1.3764005e+00  6.9636585e+00 
   144 :  1.4520191e+00  5.6185805e+00 
   145 :  5.7850166e-01  6.5273991e+00 
   146 :  5.6797567e-01  2.4631136e-01 
   147 :  4.2569877e-01  5.0681108e+00 
   148 :  4.1642596e-01  6.6802772e+00 
   149 :  5.8777971e-01  3.5594791e+00 
   150 :  5.3201356e-01  3.3091918e+00 
   151 :  1.6373633e+00  5.4320021e+00 
   152 :  6.3305157e-01  3.8037649e+00 
   153 :  1.6830127e+00  4.3169873e+00 
   154 :  8.4393277e-01  7.5028834e+00 
   155 :  6.2032678e-01  7.4504626e+00 
   156 :  1.4314707e+00  4.6854367e+00 
   157 :  1.5398257e+00  4.9464005e+00 
   158 :  5.3317633e-01  5.5970331e+00 
   159 :  3.5944388e-01  5.7891514e+00 
   160 :  4.8812183e-01  7.2261576e+00 
   161 :  4.2886181e-01  6.0468876e+00 
   162 :  2.2966914e-01  6.6457985e-01 
   163 :  4.5740375e-01  7.9773843e-01 
   164 :  4.4530501e-01  1.0615555e+00 
   165 :  2.2806019e-01  1.1988671e+00 
   166 :  4.3221013e-01  1.3367372e+00 
   167 :  4.3417675e-01  1.6088864e+00 
   168 :  4.5642599e-01  5.3331928e-01 
   169 :  2.2559382e-01  1.7344236e+00 
   170 :  4.4251633e-01  1.8693415e+00 
   171 :  4.4527117e-01  2.1293906e+00 
   172 :  6.8058358e-01  1.9981607e+00 
   173 :  2.2781426e-01  2.2652856e+00 
   174 :  4.3597734e-01  2.3896706e+00 
   175 :  4.3243720e-01  2.6575460e+00 
   176 :  2.2472602e-01  2.7960351e+00 
   177 :  4.3830711e-01  2.9271445e+00 
   178 :  2.5027159e-01  3.3221815e+00 
   179 :  2.3052344e-01  7.3326116e+00 
   180 :  1.3351381e+00  5.1166393e+00 
   181 :  1.4084440e+00  4.4104998e+00 
   182 :  6.9925239e-01  3.0846412e+00 
   183 :  1.2849225e+00  5.7976794e+00 
   184 :  1.4119796e+00  6.2963041e+00 
   185 :  1.4847779e+00  6.5460502e+00 
   186 :  1.6092221e+00  6.1209248e+00 
   187 :  1.3121809e+00  6.7221524e+00 
   188 :  2.1828557e-01  3.8702143e+00 
   189 :  1.4340007e+00  7.2042815e+00 
   190 :  1.5392882e+00  7.4457004e+00 
   191 :  1.3266434e+00  7.6134919e+00 
   192 :  2.2913022e-01  4.3898384e+00 
   193 :  4.6026638e-01  4.2666655e+00 
   194 :  1.7959300e+00  7.1250000e+00 
   195 :  6.7622821e-01  6.0992201e+00 
   196 :  1.7457237e+00  6.5941131e+00 
   197 :  1.7834936e+00  4.8750000e+00 
   198 :  7.6538842e-01  4.7276029e+00 
   199 :  8.7914487e-01  7.7543046e+00 
   200 :  8.0351397e-01  1.3620038e+00 
   201 :  8.0840136e-01  2.6308658e+00 
   202 :  8.0249522e-01  8.4713843e-01 
   203 :  7.1990492e-01  5.4148332e+00 
   204 :  7.4826403e-01  6.3468481e+00 
   205 :  7.0023740e-01  7.0301031e+00 
   206 :  1.5322270e+00  5.8639300e+00 
   207 :  4.6476805e-01  5.3331754e+00 
   208 :  5.2089319e-01  4.6658688e+00 
   209 :  4.9645515e-01  6.2822930e+00 
   210 :  1.5505276e+00  6.7834957e+00 
   211 :  1.8133373e+00  5.6070911e+00 
   212 :  4.5047957e-01  6.9460464e+00 
   213 :  2.0976366e-01  6.5497466e+00 
   214 :  2.1610686e-01  4.9431004e+00 
   215 :  1.7546881e+00  7.6210044e+00 
   216 :  3.7841513e-01  7.8095985e+00 
   217 :  4.5155017e-01  4.0177746e+00 
   218 :  1.5359111e+00  5.2006798e+00 
   219 :  1.0837580e+00  7.5669819e+00 
   220 :  7.3271280e-01  4.1406076e-01 
   221 :  1.9608250e-01  5.9798401e+00 
   222 :  1.5963672e+00  7.0335726e+00 
   223 :  2.2554656e-01  5.2105204e+00 
   224 :  1.8330165e+00  6.1186603e+00 
   225 :  1.6305186e+00  4.5405657e+00 
   226 :  6.5619845e-01  4.1891663e+00 
   227 :  2.1382985e-01  6.8186338e+00 
   228 :  8.1959061e-01  2.1755118e+00 
   229 :  3.5706468e-01  1.9559810e-01 
   230 :  8.1995120e-01  1.8237315e+00 
   231 :  4.0627948e-01  3.7281330e+00 
   232 :  1.3900225e+00  7.8209770e+00 
   233 :  3.9961553e-01  3.4743103e+00 
   234 :  4.2782391e-01  4.4802781e+00 
   235 :  1.8423287e+00  5.3750000e+00 
   236 :  6.2831663e-01  2.2564684e+00 
   237 :  4.0668132e-01  7.4540819e+00 
   238 :  6.2872683e-01  1.7429547e+00 
   239 :  1.5179492e+00  4.2009619e+00 
   240 :  1.8169873e+00  7.8169873e+00 
   241 :  4.2700935e-01  3.1374249e+00 
   242 :  8.9830809e-01  3.9065032e+00 
   243 :  6.1584540e-01  1.4781046e+00 
   244 :  6.1720251e-01  2.5183728e+00 
   245 :  4.9379840e-01  7.6349765e+00 
   246 :  1.6334987e+00  4.7500000e+00 
   247 :  1.5521507e-01  5.7333333e+00 
   248 :  6.1972106e-01  2.7882192e+00 
   249 :  1.7431170e-01  7.8253075e+00 
   250 :  1.6811638e-01  1.7098564e-01 
   251 :  4.0268169e-01  4.8341059e+00 
   252 :  1.6337515e+00  7.2432199e+00 
   253 :  6.0063783e-01  1.1968198e+00 
   254 :  1.5984695e+00  6.3783276e+00 
   255 :  6.2126115e-01  6.7913104e-01 
   256 :  6.0982735e-01  9.3759725e-01 
   257 :  1.8221688e+00  4.4419873e+00 
   258 :  4.0374589e-01  3.4197304e-01 
   259 :  3.9413994e-01  6.4473588e+00 
   260 :  6.7771287e-01  4.0015999e+00 
   261 :  1.6368776e+00  5.6877773e+00 
   262 :  1.5245215e+00  7.6573154e+00 
   263 :  6.9014839e-01  7.6181684e+00 
Number of edges 75 
     0 :      1     10 
     1 :     10     11 
     2 :     11     12 
     3 :     12     13 
     4 :     13     14 
     5 :     14     15 
     6 :     15     16 
     7 :     16     17 
     8 :     17     18 
     9 :     18     19 
    10 :     19     20 
    11 :     20     21 
    12 :     21     22 
    13 :     22     23 
    14 :     23     24 
    15 :     24     25 
    16 :     25     26 
    17 :     26     27 
    18 :     27     28 
    19 :     28     29 
    20 :     29     30 
    21 :     30     31 
    22 :     31     32 
    23 :     32     33 
    24 :     33     34 
    25 :     34     35 
    26 :     35     36 
    27 :     36     37 
    28 :     37     38 
    29 :     38      0 
    30 :      2     39 
    31 :     39     40 
    32 :     40     41 
    33 :     41     42 
    34 :     42     43 
    35 :     43     44 
    36 :     44     45 
    37 :     45      1 
    38 :      3     46 
    39 :     46     47 
    40 :     47     48 
    41 :     48     49 
    42 :     49     50 
    43 :     50     51 
    44 :     51     52 
    45 :     52      2 
    46 :      4     53 
    47 :     53     54 
    48 :     54     55 
    49 :     55     56 
    50 :     56     57 
    51 :     57      3 
    52 :      5     58 
    53 :     58     59 
    54 :     59      4 
    55 :      6     60 
    56 :     60     61 
    57 :     61      5 
    58 :      7     62 
    59 :     62     63 
    60 :     63     64 
    61 :     64     65 
    62 :     65     66 
    63 :     66      6 
    64 :      8     67 
    65 :     67     68 
    66 :     68     69 
    67 :     69     70 
    68 :     70     71 
    69 :     71      7 
    70 :      9     72 
    71 :     72     73 
    72 :     73      8 
    73 :      0     74 
    74 :     74      9 
Number of triangles 451 
     0 :     95    242     61
     1 :    182    248     91
     2 :     61    242     60
     3 :    158    159     79
     4 :    177    248    182
     5 :    160    179     80
     6 :    157    197     76
     7 :     76    235    151
     8 :     66    182     65
     9 :    151    218     76
    10 :    146    220    168
    11 :     76    218    157
    12 :    154    219    199
    13 :     87    215    190
    14 :    220    255    168
    15 :    182    241    177
    16 :     79    207    158
    17 :    141    149     89
    18 :    159    247     79
    19 :    213    227     14
    20 :    199    219     82
    21 :     73    220     72
    22 :     72    220    146
    23 :    185    254    196
    24 :     80    212    160
    25 :    186    224     84
    26 :    168    258    146
    27 :     84    254    186
    28 :    196    210    185
    29 :    153    225    181
    30 :      6    141     89
    31 :    181    239    153
    32 :      7    228    172
    33 :    172    230      7
    34 :    215    262    190
    35 :    160    237    179
    36 :     65    182     91
    37 :     89    182     66
    38 :    214    223     20
    39 :    148    227    213
    40 :    193    226    133
    41 :    133    234    193
    42 :    186    206     77
    43 :    196    254     84
    44 :    242    260    152
    45 :     88    255    220
    46 :    161    209     78
    47 :    147    223    214
    48 :    178    241    150
    49 :    141    242    152
    50 :     77    224    186
    51 :    243    253    200
    52 :     78    221    161
    53 :    164    166    165
    54 :     34    165    127
    55 :    166    253    243
    56 :    149    150     89
    57 :    150    241    182
    58 :    150    233    178
    59 :     30    173    128
    60 :     28    176    125
    61 :    165    166    127
    62 :    173    174    128
    63 :    167    170    169
    64 :    176    177    125
    65 :    171    174    173
    66 :    175    177    176
    67 :    141    152    149
    68 :     75    210    196
    69 :    201    248    244
    70 :     35    165     34
    71 :    162    163    124
    72 :    167    169    127
    73 :    130    242     95
    74 :    217    226    193
    75 :     36    162    124
    76 :    162    168    163
    77 :    121    187    143
    78 :    118    187    121
    79 :     29    176     28
    80 :     31    173     30
    81 :    125    178     27
    82 :    127    169     33
    83 :     11    179    140
    84 :    174    175    128
    85 :    166    167    127
    86 :    157    180    103
    87 :    170    172    171
    88 :    144    183    109
    89 :    169    170     97
    90 :    102    188     25
    91 :    129    168    162
    92 :    150    182     89
    93 :    163    164    124
    94 :    187    210    143
    95 :    129    162     37
    96 :    144    206    183
    97 :     83    181     96
    98 :     38    129     37
    99 :    103    180    104
   100 :    189    190    136
   101 :    170    171     97
   102 :    109    183    110
   103 :    184    185    117
   104 :    123    189    136
   105 :    244    248    175
   106 :     11    140     10
   107 :     26    178    102
   108 :     32    169     97
   109 :    124    165     35
   110 :    115    184    117
   111 :     60    141      6
   112 :    138    151    144
   113 :    117    187    118
   114 :    137    186    184
   115 :    156    157    103
   116 :    100    156    103
   117 :     80    179     12
   118 :     36    124     35
   119 :     26    102     25
   120 :     32     97     31
   121 :     34    127     33
   122 :     28    125     27
   123 :     30    128     29
   124 :    107    138    109
   125 :     22    192     81
   126 :      8    220     73
   127 :    123    136    134
   128 :    113    137    115
   129 :    143    189    123
   130 :    138    144    109
   131 :    137    184    115
   132 :    121    123    122
   133 :     24    188     85
   134 :     85    193    192
   135 :    190    191    136
   136 :     59    153     58
   137 :    110    183    113
   138 :    123    134    122
   139 :    104    180    107
   140 :    121    143    123
   141 :    118    121    120
   142 :     37    162     36
   143 :     12    179     11
   144 :    100    103    101
   145 :     96    181    100
   146 :    128    176     29
   147 :     27    178     26
   148 :     33    169     32
   149 :     97    173     31
   150 :    217    260    226
   151 :     72    146      9
   152 :     25    188     24
   153 :    113    183    137
   154 :    107    109    108
   155 :    107    180    138
   156 :    121    122    120
   157 :     85    192     23
   158 :    115    117    116
   159 :    113    115    114
   160 :     13     80     12
   161 :     16     78     15
   162 :     19     79     18
   163 :     96    100     99
   164 :    104    107    106
   165 :     24     85     23
   166 :    185    187    117
   167 :    100    181    156
   168 :    110    113    112
   169 :     22     81     21
   170 :    117    118    116
   171 :      5     83     61
   172 :    137    206    186
   173 :     23    192     22
   174 :    134    154    135
   175 :    103    104    101
   176 :    100    101     99
   177 :     81    234    208
   178 :     88    220      8
   179 :    109    110    108
   180 :    107    108    106
   181 :    115    116    114
   182 :    113    114    112
   183 :     40    139     39
   184 :     51     87     50
   185 :     83     95     61
   186 :    175    176    128
   187 :     83     96     95
   188 :    118    120    119
   189 :    130    260    242
   190 :     42     82     41
   191 :    164    165    124
   192 :    171    173     97
   193 :     50    194     49
   194 :     87    194     50
   195 :    104    106    105
   196 :     96     99     98
   197 :    134    135    122
   198 :    110    112    111
   199 :     48    196     47
   200 :     55     76     54
   201 :     47     84     46
   202 :      3     77     57
   203 :     49     75     48
   204 :     43    199     42
   205 :    126    161    159
   206 :     54    197     53
   207 :     96     98     95
   208 :    188    231    217
   209 :    118    119    116
   210 :     98    130     95
   211 :    104    105    101
   212 :    154    155    135
   213 :     53     94      4
   214 :    110    111    108
   215 :     42    199     82
   216 :     99    133     98
   217 :    114    195    112
   218 :     49    194     75
   219 :    106    131    105
   220 :    126    195    161
   221 :    126    158    111
   222 :    112    126    111
   223 :    131    142    105
   224 :    155    237    160
   225 :    120    132    119
   226 :     44     86     43
   227 :    131    147    142
   228 :     75    196     48
   229 :     47    196     84
   230 :     64    201     63
   231 :     65     91     64
   232 :     69     90     68
   233 :      6     89     66
   234 :     70    200     69
   235 :     63     93     62
   236 :     67     88      8
   237 :     68    202     67
   238 :     71     92     70
   239 :    126    159    158
   240 :    112    195    126
   241 :    101    198     99
   242 :     76    197     54
   243 :    132    148    145
   244 :    108    203    106
   245 :    132    145    119
   246 :     99    198    133
   247 :    116    204    114
   248 :    122    205    120
   249 :     79    223    207
   250 :    106    203    131
   251 :     53    197     94
   252 :    105    198    101
   253 :    135    205    122
   254 :    120    205    132
   255 :    111    203    108
   256 :    114    204    195
   257 :    142    198    105
   258 :     86    199     43
   259 :    183    206    137
   260 :    203    207    131
   261 :    158    203    111
   262 :    119    204    116
   263 :    155    160    135
   264 :    145    204    119
   265 :    158    207    203
   266 :    157    218    180
   267 :     63    201     93
   268 :     91    201     64
   269 :     90    202     68
   270 :     92    200     70
   271 :     69    200     90
   272 :     67    202     88
   273 :    160    205    135
   274 :    188    217     85
   275 :    190    252     87
   276 :     57    211     56
   277 :    131    207    147
   278 :     82    219    191
   279 :    202    256    255
   280 :    204    209    195
   281 :    207    223    147
   282 :    132    212    148
   283 :     15    213     14
   284 :     21    214     20
   285 :    143    222    189
   286 :     52    215     51
   287 :    145    209    204
   288 :    212    227    148
   289 :    195    209    161
   290 :    198    208    133
   291 :    217    231    152
   292 :    138    218    151
   293 :    253    256     90
   294 :    185    210    187
   295 :    142    208    198
   296 :    191    219    136
   297 :     77    211     57
   298 :    202    255     88
   299 :    134    219    154
   300 :     44    216     86
   301 :    205    212    132
   302 :    125    241    178
   303 :    160    212    205
   304 :    151    261    144
   305 :    161    221    159
   306 :     80    227    212
   307 :     16    221     78
   308 :     78    213     15
   309 :     81    214     21
   310 :     45    216     44
   311 :     20    223     19
   312 :     51    215     87
   313 :    211    261    151
   314 :     83    239    181
   315 :    231    233    149
   316 :     85    217    193
   317 :    191    232     82
   318 :    192    234     81
   319 :     84    224     46
   320 :      3    224     77
   321 :     14    227     13
   322 :    211    235     56
   323 :    222    252    189
   324 :    186    254    184
   325 :    139    262    215
   326 :    153    239     58
   327 :    208    251     81
   328 :     79    247     18
   329 :     62    228      7
   330 :    133    226     98
   331 :     58    239      5
   332 :     40    232    139
   333 :     90    256    202
   334 :      7    230     71
   335 :     82    232     41
   336 :     39    240      2
   337 :      2    240     52
   338 :    172    236    171
   339 :    221    247    159
   340 :     55    235     76
   341 :    208    234    133
   342 :    180    218    138
   343 :    151    235    211
   344 :    147    251    142
   345 :     10    249      1
   346 :    152    231    149
   347 :    210    222    143
   348 :    136    219    134
   349 :      0    250     38
   350 :    170    238    172
   351 :    148    259    145
   352 :    199    263    154
   353 :      1    249     45
   354 :    157    246    197
   355 :     74    250      0
   356 :    200    253     90
   357 :    214    251    147
   358 :    232    262    139
   359 :    102    233    231
   360 :    189    252    190
   361 :    213    259    148
   362 :    129    250    229
   363 :    140    245    216
   364 :    171    236    174
   365 :     17    221     16
   366 :     19    223     79
   367 :    164    253    166
   368 :     91    248    201
   369 :    167    238    170
   370 :    194    222     75
   371 :    229    258    129
   372 :     75    222    210
   373 :     46    224      3
   374 :     86    263    199
   375 :    166    243    167
   376 :    174    244    175
   377 :    181    225    156
   378 :    175    248    177
   379 :    164    256    253
   380 :     98    226    130
   381 :    228    236    172
   382 :     17    247    221
   383 :    209    259     78
   384 :     13    227     80
   385 :    102    231    188
   386 :      4    257     59
   387 :    178    233    102
   388 :    194    252    222
   389 :    179    237    140
   390 :     38    250    129
   391 :     93    228     62
   392 :    146    229      9
   393 :    140    249     10
   394 :    206    261     77
   395 :      9    229     74
   396 :    156    246    157
   397 :     59    257    153
   398 :    237    245    140
   399 :     71    230     92
   400 :    193    234    192
   401 :    149    233    150
   402 :    177    241    125
   403 :     41    232     40
   404 :     52    240    215
   405 :    172    238    230
   406 :    144    261    206
   407 :     56    235     55
   408 :    168    255    163
   409 :     77    261    211
   410 :    255    256    163
   411 :      5    239     83
   412 :    167    243    238
   413 :    139    240     39
   414 :    163    256    164
   415 :     81    251    214
   416 :    225    257     94
   417 :    236    244    174
   418 :     18    247     17
   419 :     78    259    213
   420 :     94    246    225
   421 :    184    254    185
   422 :    129    258    168
   423 :     87    252    194
   424 :     60    242    141
   425 :    197    246     94
   426 :    190    262    191
   427 :     93    244    236
   428 :     92    243    200
   429 :    201    244     93
   430 :    238    243     92
   431 :    153    257    225
   432 :    216    245     86
   433 :    154    263    155
   434 :    225    246    156
   435 :     94    257      4
   436 :    191    262    232
   437 :    215    240    139
   438 :    142    251    208
   439 :    216    249    140
   440 :    145    259    209
   441 :     45    249    216
   442 :    152    260    217
   443 :    226    260    130
   444 :     93    236    228
   445 :    230    238     92
   446 :    155    245    237
   447 :    229    250     74
   448 :    155    263    245
   449 :    146    258    229
   450 :    245    263     86
Number of domains 10
  Domain :      0 
  Name : Symetry
  Number of elements :     30
     0     1     2     3     4     5     6     7     8     9
    10    11    12    13    14    15    16    17    18    19
    20    21    22    23    24    25    26    27    28    29
  Domain :      1 
  Name : Top
  Number of elements :      8
    30    31    32    33    34    35    36    37
  Domain :      2 
  Name : Upper_line_black
  Number of elements :      8
    38    39    40    41    42    43    44    45
  Domain :      3 
  Name : Upper_line_brown
  Number of elements :      6
    46    47    48    49    50    51
  Domain :      4 
  Name : Upper_curvature
  Number of elements :      3
    52    53    54
  Domain :      5 
  Name : Concave_curvature
  Number of elements :      3
    55    56    57
  Domain :      6 
  Name : Purple_line
  Number of elements :      6
    58    59    60    61    62    63
  Domain :      7 
  Name : Lower_line_brown
  Number of elements :      6
    64    65    66    67    68    69
  Domain :      8 
  Name : Bottom_curve
  Number of elements :      3
    70    71    72
  Domain :      9 
  Name : Bottom
  Number of elements :      2
    73    74
