Number of nodes 973 
     0 :  5.0000000e-01  0.0000000e+00 
     1 :  1.0000000e+00  5.0000000e-01 
     2 :  5.0000000e-01  5.0000000e-01 
     3 :  1.5000000e+00  4.0000000e+00 
     4 :  2.0000000e+00  4.5000000e+00 
     5 :  1.5000000e+00  4.5000000e+00 
     6 :  5.0000000e-01  0.0000000e+00 
     7 :  1.0000000e+00  5.0000000e-01 
     8 :  5.0000000e-01  5.0000000e-01 
     9 :  2.0000000e+00  8.0000000e+00 
    10 :  2.0000000e+00  6.0000000e+00 
    11 :  2.0000000e+00  4.5000000e+00 
    12 :  1.0000000e+00  3.5000000e+00 
    13 :  1.0000000e+00  2.1666667e+00 
    14 :  1.0000000e+00  5.0000000e-01 
    15 :  2.0000000e+00  4.5000000e+00 
    16 :  1.5000000e+00  4.5000000e+00 
    17 :  1.5000000e+00  4.0000000e+00 
    18 :  1.0000000e+00  3.5000000e+00 
    19 :  0.0000000e+00  0.0000000e+00 
    20 :  0.0000000e+00  8.0000000e+00 
    21 :  2.0000000e+00  8.0000000e+00 
    22 :  8.8066126e-01  5.0000000e-01 
    23 :  7.2025709e-01  5.0000000e-01 
    24 :  5.0000000e-01  3.3502162e-01 
    25 :  5.0000000e-01  2.0915540e-01 
    26 :  5.0000000e-01  1.1001539e-01 
    27 :  1.5285909e+00  4.0008181e+00 
    28 :  1.5570928e+00  4.0032703e+00 
    29 :  1.5854338e+00  4.0073530e+00 
    30 :  1.6135740e+00  4.0130699e+00 
    31 :  1.6415146e+00  4.0204444e+00 
    32 :  1.6693018e+00  4.0295354e+00 
    33 :  1.6970265e+00  4.0404561e+00 
    34 :  1.7248205e+00  4.0533953e+00 
    35 :  1.7528499e+00  4.0686452e+00 
    36 :  1.7813054e+00  4.0866390e+00 
    37 :  1.8103856e+00  4.1080041e+00 
    38 :  1.8402658e+00  4.1336407e+00 
    39 :  1.8710341e+00  4.1648378e+00 
    40 :  1.9025589e+00  4.2034425e+00 
    41 :  1.9342127e+00  4.2520900e+00 
    42 :  1.9643026e+00  4.3144654e+00 
    43 :  1.9889393e+00  4.3954133e+00 
    44 :  1.8863786e+00  4.5000000e+00 
    45 :  1.7822969e+00  4.5000000e+00 
    46 :  1.6848373e+00  4.5000000e+00 
    47 :  1.5914487e+00  4.5000000e+00 
    48 :  1.5000000e+00  4.4165221e+00 
    49 :  1.5000000e+00  4.3484097e+00 
    50 :  1.5000000e+00  4.2912872e+00 
    51 :  1.5000000e+00  4.2421787e+00 
    52 :  1.5000000e+00  4.1989953e+00 
    53 :  1.5000000e+00  4.1602228e+00 
    54 :  1.5000000e+00  4.1247256e+00 
    55 :  1.5000000e+00  4.0916210e+00 
    56 :  1.5000000e+00  4.0601937e+00 
    57 :  1.5000000e+00  4.0298356e+00 
    58 :  6.5250824e-01  2.3826463e-02 
    59 :  7.8495727e-01  8.9148014e-02 
    60 :  8.8552807e-01  1.8161641e-01 
    61 :  9.5218931e-01  2.8663451e-01 
    62 :  9.8870348e-01  3.9431696e-01 
    63 :  8.8066126e-01  5.0000000e-01 
    64 :  7.2025709e-01  5.0000000e-01 
    65 :  5.0000000e-01  3.3502162e-01 
    66 :  5.0000000e-01  2.0915540e-01 
    67 :  5.0000000e-01  1.1001539e-01 
    68 :  2.0000000e+00  7.4982659e+00 
    69 :  2.0000000e+00  6.9965318e+00 
    70 :  2.0000000e+00  6.4947977e+00 
    71 :  2.0000000e+00  5.5683532e+00 
    72 :  2.0000000e+00  5.2514898e+00 
    73 :  2.0000000e+00  5.0188866e+00 
    74 :  2.0000000e+00  4.8481373e+00 
    75 :  2.0000000e+00  4.7201639e+00 
    76 :  2.0000000e+00  4.6086814e+00 
    77 :  1.0000000e+00  3.4703098e+00 
    78 :  1.0000000e+00  3.4406182e+00 
    79 :  1.0000000e+00  3.4109186e+00 
    80 :  1.0000000e+00  3.3811937e+00 
    81 :  1.0000000e+00  3.3514112e+00 
    82 :  1.0000000e+00  3.3215199e+00 
    83 :  1.0000000e+00  3.2914459e+00 
    84 :  1.0000000e+00  3.2610892e+00 
    85 :  1.0000000e+00  3.2303201e+00 
    86 :  1.0000000e+00  3.1989753e+00 
    87 :  1.0000000e+00  3.1668510e+00 
    88 :  1.0000000e+00  3.1336962e+00 
    89 :  1.0000000e+00  3.0992002e+00 
    90 :  1.0000000e+00  3.0629770e+00 
    91 :  1.0000000e+00  3.0245417e+00 
    92 :  1.0000000e+00  2.9832769e+00 
    93 :  1.0000000e+00  2.9383831e+00 
    94 :  1.0000000e+00  2.8888044e+00 
    95 :  1.0000000e+00  2.8331163e+00 
    96 :  1.0000000e+00  2.7693496e+00 
    97 :  1.0000000e+00  2.6947102e+00 
    98 :  1.0000000e+00  2.6051206e+00 
    99 :  1.0000000e+00  2.4944548e+00 
   100 :  1.0000000e+00  2.3532566e+00 
   101 :  1.0000000e+00  1.9119481e+00 
   102 :  1.0000000e+00  1.5567092e+00 
   103 :  1.0000000e+00  1.1944136e+00 
   104 :  1.0000000e+00  9.3582413e-01 
   105 :  1.0000000e+00  7.5134923e-01 
   106 :  1.8863786e+00  4.5000000e+00 
   107 :  1.7822969e+00  4.5000000e+00 
   108 :  1.6848373e+00  4.5000000e+00 
   109 :  1.5914487e+00  4.5000000e+00 
   110 :  1.5000000e+00  4.4165221e+00 
   111 :  1.5000000e+00  4.3484097e+00 
   112 :  1.5000000e+00  4.2912872e+00 
   113 :  1.5000000e+00  4.2421787e+00 
   114 :  1.5000000e+00  4.1989953e+00 
   115 :  1.5000000e+00  4.1602228e+00 
   116 :  1.5000000e+00  4.1247256e+00 
   117 :  1.5000000e+00  4.0916210e+00 
   118 :  1.5000000e+00  4.0601937e+00 
   119 :  1.5000000e+00  4.0298356e+00 
   120 :  1.4709276e+00  3.9991541e+00 
   121 :  1.4419535e+00  3.9966192e+00 
   122 :  1.4131759e+00  3.9924039e+00 
   123 :  1.3846921e+00  3.9865224e+00 
   124 :  1.3565984e+00  3.9789948e+00 
   125 :  1.3289899e+00  3.9698463e+00 
   126 :  1.3019601e+00  3.9591081e+00 
   127 :  1.2756004e+00  3.9468163e+00 
   128 :  1.2500000e+00  3.9330127e+00 
   129 :  1.2252455e+00  3.9177439e+00 
   130 :  1.2014207e+00  3.9010616e+00 
   131 :  1.1786062e+00  3.8830222e+00 
   132 :  1.1568792e+00  3.8636868e+00 
   133 :  1.1363132e+00  3.8431208e+00 
   134 :  1.1169778e+00  3.8213938e+00 
   135 :  1.0989384e+00  3.7985793e+00 
   136 :  1.0822561e+00  3.7747545e+00 
   137 :  1.0669873e+00  3.7500000e+00 
   138 :  1.0531837e+00  3.7243996e+00 
   139 :  1.0408919e+00  3.6980399e+00 
   140 :  1.0301537e+00  3.6710101e+00 
   141 :  1.0210052e+00  3.6434016e+00 
   142 :  1.0134776e+00  3.6153079e+00 
   143 :  1.0075961e+00  3.5868241e+00 
   144 :  1.0033808e+00  3.5580465e+00 
   145 :  1.0008459e+00  3.5290724e+00 
   146 :  1.0000000e+00  3.4703172e+00 
   147 :  1.0000000e+00  3.4406330e+00 
   148 :  1.0000000e+00  3.4109407e+00 
   149 :  1.0000000e+00  3.3812232e+00 
   150 :  1.0000000e+00  3.3514482e+00 
   151 :  1.0000000e+00  3.3215645e+00 
   152 :  1.0000000e+00  3.2914983e+00 
   153 :  1.0000000e+00  3.2611498e+00 
   154 :  1.0000000e+00  3.2303894e+00 
   155 :  1.0000000e+00  3.1990539e+00 
   156 :  1.0000000e+00  3.1669400e+00 
   157 :  1.0000000e+00  3.1337967e+00 
   158 :  1.0000000e+00  3.0993140e+00 
   159 :  1.0000000e+00  3.0631063e+00 
   160 :  1.0000000e+00  3.0246895e+00 
   161 :  1.0000000e+00  2.9834472e+00 
   162 :  1.0000000e+00  2.9385814e+00 
   163 :  1.0000000e+00  2.8890381e+00 
   164 :  1.0000000e+00  2.8333959e+00 
   165 :  1.0000000e+00  2.7696900e+00 
   166 :  1.0000000e+00  2.6951335e+00 
   167 :  1.0000000e+00  2.6056599e+00 
   168 :  1.0000000e+00  2.4951617e+00 
   169 :  1.0000000e+00  2.3542133e+00 
   170 :  1.0000000e+00  2.1680058e+00 
   171 :  1.0000000e+00  1.9135380e+00 
   172 :  1.0000000e+00  1.5585572e+00 
   173 :  1.0000000e+00  1.1954953e+00 
   174 :  1.0000000e+00  9.3640271e-01 
   175 :  1.0000000e+00  7.5162444e-01 
   176 :  2.0335725e-01  0.0000000e+00 
   177 :  3.6243283e-01  0.0000000e+00 
   178 :  0.0000000e+00  7.4218411e+00 
   179 :  0.0000000e+00  6.8436823e+00 
   180 :  0.0000000e+00  6.2655234e+00 
   181 :  0.0000000e+00  5.6901868e+00 
   182 :  0.0000000e+00  5.1674399e+00 
   183 :  0.0000000e+00  4.7371236e+00 
   184 :  0.0000000e+00  4.3870395e+00 
   185 :  0.0000000e+00  4.0928732e+00 
   186 :  0.0000000e+00  3.8334796e+00 
   187 :  0.0000000e+00  3.5924523e+00 
   188 :  0.0000000e+00  3.3563518e+00 
   189 :  0.0000000e+00  3.1125649e+00 
   190 :  0.0000000e+00  2.8471937e+00 
   191 :  0.0000000e+00  2.5429203e+00 
   192 :  0.0000000e+00  2.1775427e+00 
   193 :  0.0000000e+00  1.7451738e+00 
   194 :  0.0000000e+00  1.3991792e+00 
   195 :  0.0000000e+00  1.1502375e+00 
   196 :  0.0000000e+00  8.3808680e-01 
   197 :  0.0000000e+00  7.2042992e-01 
   198 :  0.0000000e+00  6.0476801e-01 
   199 :  0.0000000e+00  4.8871463e-01 
   200 :  0.0000000e+00  3.6603109e-01 
   201 :  0.0000000e+00  2.1266215e-01 
   202 :  1.5000000e+00  8.0000000e+00 
   203 :  1.0000000e+00  8.0000000e+00 
   204 :  5.0000000e-01  8.0000000e+00 
   205 :  2.0000000e+00  4.6163009e+00 
   206 :  2.0000000e+00  4.7365047e+00 
   207 :  2.0000000e+00  4.8796646e+00 
   208 :  2.0000000e+00  5.0767793e+00 
   209 :  2.0000000e+00  5.3511567e+00 
   210 :  2.0000000e+00  5.7330811e+00 
   211 :  2.0000000e+00  6.2576975e+00 
   212 :  2.0000000e+00  6.8383638e+00 
   213 :  2.0000000e+00  7.4191819e+00 
   214 :  1.1982204e+00  3.9278007e+00 
   215 :  1.4388068e+00  4.3708395e+00 
   216 :  1.2811620e+00  3.9740888e+00 
   217 :  1.1302832e+00  3.8718115e+00 
   218 :  1.0680823e+00  3.7983042e+00 
   219 :  1.0254661e+00  3.7225670e+00 
   220 :  9.9543183e-01  3.6336221e+00 
   221 :  9.7653547e-01  3.5428590e+00 
   222 :  9.7099445e-01  3.3937685e+00 
   223 :  9.6937268e-01  3.2451263e+00 
   224 :  9.7066458e-01  3.1108838e+00 
   225 :  9.6271408e-01  2.9610143e+00 
   226 :  1.4629916e+00  4.2202181e+00 
   227 :  9.5637198e-01  2.8040152e+00 
   228 :  1.3666658e+00  4.0084277e+00 
   229 :  1.8034550e+00  5.1841267e+00 
   230 :  1.4731610e+00  4.1086824e+00 
   231 :  1.6404275e+00  4.5857028e+00 
   232 :  2.3481334e-01  4.2415527e+00 
   233 :  2.0458173e-01  3.7248699e+00 
   234 :  9.1378818e-01  2.5565700e+00 
   235 :  8.6496601e-01  2.2742449e+00 
   236 :  9.8134318e-01  3.4866774e+00 
   237 :  1.9946151e-01  3.2263701e+00 
   238 :  2.9157593e-01  4.9761949e+00 
   239 :  9.6850487e-01  3.0492021e+00 
   240 :  9.7300750e-01  3.1856243e+00 
   241 :  9.7098666e-01  3.3380328e+00 
   242 :  1.7869727e-01  9.9041162e-01 
   243 :  1.4240876e+00  4.0182771e+00 
   244 :  6.1261079e-01  6.3944994e-01 
   245 :  9.8160765e-02  6.6271693e-01 
   246 :  4.5723552e-01  5.9661020e+00 
   247 :  2.2366196e-01  2.6963302e+00 
   248 :  1.8815896e+00  4.8149934e+00 
   249 :  8.0897129e-01  1.0706052e+00 
   250 :  4.0360033e-01  2.7116499e-01 
   251 :  1.0756192e-01  4.2435618e-01 
   252 :  4.4216386e-01  6.5944128e-01 
   253 :  3.2324494e-01  1.9440365e+00 
   254 :  1.6156543e+00  6.0382564e+00 
   255 :  1.4953082e+00  7.1497517e+00 
   256 :  1.8134079e+00  4.6085904e+00 
   257 :  5.4446868e-01  7.9306158e-01 
   258 :  7.7126930e-01  7.5787049e+00 
   259 :  1.4684154e+00  4.0446418e+00 
   260 :  3.3329970e-01  5.3554651e-01 
   261 :  7.6005913e-01  1.7340060e+00 
   262 :  2.4467821e-01  1.5829274e+00 
   263 :  8.0045918e-01  6.2113223e-01 
   264 :  3.5003558e-01  2.2759630e+00 
   265 :  5.2917583e-01  2.1464189e+00 
   266 :  5.8691928e-01  2.3868336e+00 
   267 :  2.1558984e-01  1.2747084e+00 
   268 :  4.7123613e-01  1.3892939e+00 
   269 :  2.9623550e-01  1.1777445e-01 
   270 :  1.8845400e-01  3.4342921e+00 
   271 :  3.5156047e-01  3.3538971e+00 
   272 :  3.6700767e-01  3.1939422e+00 
   273 :  4.7062363e-01  3.2803113e+00 
   274 :  4.7533221e-01  3.3934848e+00 
   275 :  4.8995545e-01  3.1465598e+00 
   276 :  5.5956272e-01  3.3441544e+00 
   277 :  5.6156390e-01  3.4318136e+00 
   278 :  6.4079562e-01  3.3920369e+00 
   279 :  6.3354544e-01  3.4661871e+00 
   280 :  6.3666046e-01  3.3141691e+00 
   281 :  6.9236405e-01  3.4406445e+00 
   282 :  6.9025466e-01  3.4965010e+00 
   283 :  6.3805145e-01  3.5290466e+00 
   284 :  6.9316148e-01  3.5547737e+00 
   285 :  6.4536871e-01  3.5899951e+00 
   286 :  6.9844933e-01  3.6124915e+00 
   287 :  6.4960179e-01  3.6497251e+00 
   288 :  7.1091323e-01  3.6723257e+00 
   289 :  6.5508657e-01  3.7105732e+00 
   290 :  7.1083991e-01  3.7373619e+00 
   291 :  7.5612024e-01  3.7117552e+00 
   292 :  7.4570598e-01  3.5215246e+00 
   293 :  6.5957430e-01  3.7726550e+00 
   294 :  7.1640384e-01  3.8015539e+00 
   295 :  6.6382120e-01  3.8370640e+00 
   296 :  7.2266341e-01  3.8634668e+00 
   297 :  7.7161327e-01  3.8291205e+00 
   298 :  7.7799778e-01  3.8868477e+00 
   299 :  8.2480359e-01  3.8529312e+00 
   300 :  7.2968692e-01  3.9258543e+00 
   301 :  7.9422756e-01  3.9465344e+00 
   302 :  7.4031684e-01  3.9898319e+00 
   303 :  8.0132402e-01  4.0148208e+00 
   304 :  7.4782539e-01  4.0587993e+00 
   305 :  8.1422060e-01  4.0828164e+00 
   306 :  7.5809241e-01  4.1353647e+00 
   307 :  8.6847677e-01  4.0335660e+00 
   308 :  8.7882926e-01  4.1015309e+00 
   309 :  9.2797122e-01  4.0626131e+00 
   310 :  9.3819995e-01  4.1209447e+00 
   311 :  9.8005986e-01  4.0827891e+00 
   312 :  9.9183694e-01  4.1366144e+00 
   313 :  9.5049580e-01  4.1778522e+00 
   314 :  1.0310923e+00  4.1013530e+00 
   315 :  1.0433250e+00  4.1502943e+00 
   316 :  1.0852907e+00  4.1117290e+00 
   317 :  1.0925252e+00  4.1651067e+00 
   318 :  1.1289800e+00  4.1348715e+00 
   319 :  1.1384631e+00  4.1828807e+00 
   320 :  1.0970620e+00  4.2123008e+00 
   321 :  1.1748016e+00  4.1521690e+00 
   322 :  1.1837187e+00  4.1977024e+00 
   323 :  1.2195102e+00  4.1675690e+00 
   324 :  9.7187814e-01  4.0309189e+00 
   325 :  1.2283135e+00  4.2115837e+00 
   326 :  1.0715129e+00  4.0706829e+00 
   327 :  1.2616923e+00  4.1801387e+00 
   328 :  1.1629778e+00  4.1124166e+00 
   329 :  1.2531817e+00  4.1387002e+00 
   330 :  1.2921068e+00  4.1513973e+00 
   331 :  1.3027724e+00  4.1915738e+00 
   332 :  4.8851216e-01  3.4911181e+00 
   333 :  5.9149868e-01  3.6881970e+00 
   334 :  1.3317622e+00  4.1629721e+00 
   335 :  6.8671550e-01  3.9608022e+00 
   336 :  1.2830045e+00  4.1124427e+00 
   337 :  1.1920118e+00  4.2463384e+00 
   338 :  1.2420353e+00  4.2617784e+00 
   339 :  1.2017046e+00  4.3003075e+00 
   340 :  5.9737279e-01  3.8080609e+00 
   341 :  1.2574682e+00  4.3183270e+00 
   342 :  1.2110996e+00  4.3621883e+00 
   343 :  6.7867750e-01  4.1038219e+00 
   344 :  6.9032861e-01  4.1949116e+00 
   345 :  1.3428657e+00  4.2026753e+00 
   346 :  8.1864789e-01  3.8012829e+00 
   347 :  8.6197696e-01  3.8208469e+00 
   348 :  8.5930511e-01  3.7781166e+00 
   349 :  8.9635242e-01  3.7961113e+00 
   350 :  9.0123578e-01  3.8360814e+00 
   351 :  8.9265730e-01  3.7565172e+00 
   352 :  9.3216169e-01  3.8124090e+00 
   353 :  9.3795246e-01  3.8512998e+00 
   354 :  9.0687195e-01  3.8754060e+00 
   355 :  9.4214626e-01  3.8877530e+00 
   356 :  9.7302685e-01  3.8653684e+00 
   357 :  9.7553823e-01  3.9048648e+00 
   358 :  1.0116876e+00  3.8752547e+00 
   359 :  1.0134681e+00  3.9134263e+00 
   360 :  1.0425691e+00  3.8923923e+00 
   361 :  1.0470440e+00  3.9254187e+00 
   362 :  1.3705946e+00  4.1727308e+00 
   363 :  1.3595154e+00  4.1297947e+00 
   364 :  8.5991431e-01  3.7379171e+00 
   365 :  8.9061881e-01  3.7180028e+00 
   366 :  8.5874806e-01  3.6997467e+00 
   367 :  8.8898071e-01  3.6799241e+00 
   368 :  8.5658143e-01  3.6624631e+00 
   369 :  8.8763455e-01  3.6430972e+00 
   370 :  8.5555852e-01  3.6261866e+00 
   371 :  8.8618438e-01  3.6078762e+00 
   372 :  8.5457393e-01  3.5904979e+00 
   373 :  8.8450384e-01  3.5721488e+00 
   374 :  8.5346481e-01  3.5551447e+00 
   375 :  8.8322591e-01  3.5368729e+00 
   376 :  8.5236121e-01  3.5199704e+00 
   377 :  8.8250308e-01  3.5020182e+00 
   378 :  8.5129729e-01  3.4849035e+00 
   379 :  8.8151850e-01  3.4669315e+00 
   380 :  8.5017942e-01  3.4497231e+00 
   381 :  8.8049064e-01  3.4305056e+00 
   382 :  8.4915641e-01  3.4142480e+00 
   383 :  8.7956995e-01  3.3946842e+00 
   384 :  8.4764284e-01  3.3782454e+00 
   385 :  8.7830332e-01  3.3588312e+00 
   386 :  8.4604679e-01  3.3418630e+00 
   387 :  8.7735963e-01  3.3220716e+00 
   388 :  8.4445507e-01  3.3046875e+00 
   389 :  8.7728574e-01  3.2854164e+00 
   390 :  8.4272716e-01  3.2666597e+00 
   391 :  8.1385214e-01  3.3247259e+00 
   392 :  8.7799729e-01  3.2481440e+00 
   393 :  8.4225870e-01  3.2267517e+00 
   394 :  8.0294976e-01  3.2479951e+00 
   395 :  8.0357141e-01  3.2055198e+00 
   396 :  8.4551810e-01  3.1818559e+00 
   397 :  8.0489752e-01  3.1557707e+00 
   398 :  7.5903915e-01  3.1833711e+00 
   399 :  7.5809841e-01  3.1310446e+00 
   400 :  8.0706983e-01  3.1025053e+00 
   401 :  7.5521868e-01  3.0760189e+00 
   402 :  8.0934763e-01  3.0454833e+00 
   403 :  7.5263095e-01  3.0154872e+00 
   404 :  8.1279191e-01  2.9822430e+00 
   405 :  7.5402460e-01  2.9458804e+00 
   406 :  6.8677562e-01  2.9841637e+00 
   407 :  6.8835794e-01  2.9001560e+00 
   408 :  6.0750094e-01  2.9478877e+00 
   409 :  9.2629067e-01  3.6988830e+00 
   410 :  8.1625037e-01  3.3975493e+00 
   411 :  6.0869083e-01  2.8463684e+00 
   412 :  7.1762093e-01  2.8057069e+00 
   413 :  8.2330404e-01  3.6090576e+00 
   414 :  1.0006326e+00  3.8393739e+00 
   415 :  7.0831166e-01  3.1589739e+00 
   416 :  9.1122693e-01  3.9141208e+00 
   417 :  1.2472081e+00  4.1004935e+00 
   418 :  1.2754472e+00  4.0765952e+00 
   419 :  1.2445581e+00  4.0642183e+00 
   420 :  7.9031672e-01  4.2237406e+00 
   421 :  7.0752474e-01  4.2965504e+00 
   422 :  8.1219564e-01  4.3343332e+00 
   423 :  7.1768753e-01  4.4151353e+00 
   424 :  8.4314944e-01  4.4514508e+00 
   425 :  8.1613925e-01  2.9147320e+00 
   426 :  9.1502569e-01  3.5892189e+00 
   427 :  9.1049982e-01  3.4477767e+00 
   428 :  8.1821891e-01  3.4709805e+00 
   429 :  8.5750728e-01  3.0752235e+00 
   430 :  7.2785125e-01  4.5581781e+00 
   431 :  9.0384454e-01  4.5886758e+00 
   432 :  5.7764160e-01  4.4916135e+00 
   433 :  1.3089580e+00  4.0879158e+00 
   434 :  1.3017224e+00  4.0541936e+00 
   435 :  9.2048649e-01  4.3548374e+00 
   436 :  1.3318446e+00  4.0612071e+00 
   437 :  1.0199767e+00  3.9440341e+00 
   438 :  1.0535514e+00  3.9576335e+00 
   439 :  1.0794662e+00  3.9363612e+00 
   440 :  1.0861865e+00  3.9695510e+00 
   441 :  1.1112861e+00  3.9473268e+00 
   442 :  1.1181694e+00  3.9798340e+00 
   443 :  1.3968915e+00  4.1436081e+00 
   444 :  1.3904754e+00  4.1087159e+00 
   445 :  9.1261083e-01  3.5197211e+00 
   446 :  9.0969585e-01  3.3051296e+00 
   447 :  5.9944668e-01  4.1639964e+00 
   448 :  5.1269281e-01  2.9016511e+00 
   449 :  6.1351607e-01  2.7373806e+00 
   450 :  9.0946315e-01  3.3749424e+00 
   451 :  1.3897159e+00  4.2122129e+00 
   452 :  1.3528252e+00  4.2443422e+00 
   453 :  1.3988960e+00  4.2593187e+00 
   454 :  1.3584208e+00  4.2935276e+00 
   455 :  1.0594555e+00  3.9923426e+00 
   456 :  7.5407955e-01  4.7204441e+00 
   457 :  9.3035159e-01  4.7666897e+00 
   458 :  1.0486604e+00  4.6585559e+00 
   459 :  1.0827830e+00  4.8043513e+00 
   460 :  1.1797516e+00  4.6990892e+00 
   461 :  9.9926395e-01  4.8976563e+00 
   462 :  1.2237348e+00  4.8334462e+00 
   463 :  1.3085456e+00  4.7317723e+00 
   464 :  1.3680419e+00  4.8591513e+00 
   465 :  1.2791756e+00  4.9730477e+00 
   466 :  1.1428486e+00  3.9578833e+00 
   467 :  1.1502359e+00  3.9901269e+00 
   468 :  1.1249584e+00  4.0128192e+00 
   469 :  1.1574444e+00  4.0228221e+00 
   470 :  1.1821522e+00  4.0000633e+00 
   471 :  1.1524771e+00  4.5822103e+00 
   472 :  8.2114068e-01  3.5370579e+00 
   473 :  1.1338801e+00  4.0454634e+00 
   474 :  7.1976320e-01  2.6818712e+00 
   475 :  7.1319787e-01  3.2259205e+00 
   476 :  6.4804829e-01  3.1951621e+00 
   477 :  6.4785448e-01  3.1176394e+00 
   478 :  1.1340115e+00  3.9278367e+00 
   479 :  1.1893252e+00  4.0316980e+00 
   480 :  1.2133712e+00  4.0089658e+00 
   481 :  3.9626063e-01  3.0618912e+00 
   482 :  1.4241051e+00  5.0006423e+00 
   483 :  1.3528375e+00  5.0895629e+00 
   484 :  1.5190821e+00  4.8866103e+00 
   485 :  1.0528545e+00  4.5328439e+00 
   486 :  8.7286570e-01  3.9051163e+00 
   487 :  8.7938038e-01  3.9462608e+00 
   488 :  9.2544626e-01  3.9576017e+00 
   489 :  5.8696039e-01  3.5649359e+00 
   490 :  1.2060961e+00  3.9776999e+00 
   491 :  8.1393542e-01  2.7536671e+00 
   492 :  8.2580174e-01  3.6808436e+00 
   493 :  6.0110883e-01  3.8832851e+00 
   494 :  5.2515241e-01  3.8489998e+00 
   495 :  5.3361785e-01  3.9427825e+00 
   496 :  4.3616726e-01  3.9013927e+00 
   497 :  4.5416894e-01  4.0099012e+00 
   498 :  3.1812973e-01  3.9661364e+00 
   499 :  4.3402239e-01  3.7929669e+00 
   500 :  8.6858017e-01  2.9575497e+00 
   501 :  8.7178115e-01  2.8955549e+00 
   502 :  1.3244475e+00  4.0279779e+00 
   503 :  1.2971300e+00  4.0233751e+00 
   504 :  1.1501921e+00  4.2886604e+00 
   505 :  1.4217123e+00  4.1181218e+00 
   506 :  1.4134674e+00  4.0855814e+00 
   507 :  1.4346628e+00  4.1546549e+00 
   508 :  1.3826858e+00  4.0765740e+00 
   509 :  1.2183397e+00  4.0803253e+00 
   510 :  1.2349415e+00  3.9859595e+00 
   511 :  1.2442648e+00  4.0175536e+00 
   512 :  3.8205326e-01  1.1216699e+00 
   513 :  2.9147256e-01  6.9404240e-01 
   514 :  6.9660142e-01  3.3474359e+00 
   515 :  7.4284137e-01  3.3971581e+00 
   516 :  1.4123906e+00  4.3083002e+00 
   517 :  1.3735004e+00  4.3507431e+00 
   518 :  1.3828398e+00  4.4184606e+00 
   519 :  1.2729780e+00  4.3808819e+00 
   520 :  1.2227923e+00  4.4319325e+00 
   521 :  1.1536272e+00  4.4010232e+00 
   522 :  1.0179565e+00  4.0465300e+00 
   523 :  1.0017347e+00  4.0014154e+00 
   524 :  1.3117390e+00  4.4551213e+00 
   525 :  7.7779954e-01  1.3112547e+00 
   526 :  7.7183067e-01  3.7669008e+00 
   527 :  5.1411145e-01  5.5049689e+00 
   528 :  8.6014425e-01  5.7195163e+00 
   529 :  9.0199874e-01  6.1823366e+00 
   530 :  5.7437978e-01  3.2447817e+00 
   531 :  1.4084309e+00  4.0569783e+00 
   532 :  1.4409018e+00  4.0658588e+00 
   533 :  1.3814212e+00  4.0406838e+00 
   534 :  6.9953107e-01  3.2902367e+00 
   535 :  7.4388936e-01  3.3209523e+00 
   536 :  7.4390472e-01  3.5754064e+00 
   537 :  7.5233907e-01  3.6290875e+00 
   538 :  1.8600115e+00  4.9738044e+00 
   539 :  1.7550679e+00  4.8768657e+00 
   540 :  1.7846083e+00  4.7416638e+00 
   541 :  8.8310209e-01  4.2718607e+00 
   542 :  9.7656331e-01  4.2901285e+00 
   543 :  1.0173267e+00  4.3624543e+00 
   544 :  1.3413719e+00  4.0964280e+00 
   545 :  1.5475993e+00  5.5883130e+00 
   546 :  7.5728346e-01  3.2725150e+00 
   547 :  7.9601959e-01  3.7303288e+00 
   548 :  2.2679215e-01  4.5062710e+00 
   549 :  3.3298749e-01  3.5035041e+00 
   550 :  1.1269517e+00  4.1009267e+00 
   551 :  8.6201124e-01  3.0202947e+00 
   552 :  9.0373419e-01  3.0551210e+00 
   553 :  9.0052193e-01  3.1049736e+00 
   554 :  9.1750728e-01  3.0032175e+00 
   555 :  8.5632434e-01  3.1264505e+00 
   556 :  8.8608989e-01  3.1687527e+00 
   557 :  9.2907022e-01  3.1413700e+00 
   558 :  1.5996564e-01  3.0055819e+00 
   559 :  8.4142092e-01  8.6195477e-01 
   560 :  1.4668461e+00  4.1791454e+00 
   561 :  1.4304236e+00  4.1971942e+00 
   562 :  1.3017066e+00  4.2719118e+00 
   563 :  8.4335178e-01  5.3035119e+00 
   564 :  1.1556676e+00  5.5028002e+00 
   565 :  1.0448048e+00  4.2996398e+00 
   566 :  9.2723897e-01  3.7737626e+00 
   567 :  9.6081410e-01  3.7898083e+00 
   568 :  9.5637144e-01  3.7543938e+00 
   569 :  9.8646028e-01  3.7684599e+00 
   570 :  9.8274880e-01  3.7357427e+00 
   571 :  9.9189035e-01  3.8017454e+00 
   572 :  1.0196379e+00  3.7796801e+00 
   573 :  9.5502298e-01  3.7216222e+00 
   574 :  9.8156459e-01  3.7048227e+00 
   575 :  1.0210288e+00  3.8126127e+00 
   576 :  1.0315306e+00  3.8424050e+00 
   577 :  7.4571026e-01  3.4681758e+00 
   578 :  7.7874690e-01  3.4304064e+00 
   579 :  9.6607967e-01  3.8266675e+00 
   580 :  5.1608479e-01  3.0210427e+00 
   581 :  5.8656613e-01  2.5991138e+00 
   582 :  7.2276341e-01  2.5351807e+00 
   583 :  4.2285381e-01  2.5306269e+00 
   584 :  9.1315288e-01  3.5539502e+00 
   585 :  9.3980442e-01  3.5697497e+00 
   586 :  9.4376608e-01  3.6051845e+00 
   587 :  9.7043192e-01  3.5859213e+00 
   588 :  9.4106221e-01  3.5352738e+00 
   589 :  9.3901174e-01  3.5080132e+00 
   590 :  9.1690597e-01  3.4846341e+00 
   591 :  9.3693678e-01  3.4590457e+00 
   592 :  9.3602354e-01  3.4347420e+00 
   593 :  9.1970796e-01  3.6616811e+00 
   594 :  9.5128984e-01  3.6733508e+00 
   595 :  9.4637900e-01  3.6401504e+00 
   596 :  9.1725935e-01  3.6254225e+00 
   597 :  9.6209011e-01  3.4450771e+00 
   598 :  9.6324775e-01  3.9832506e+00 
   599 :  9.2981399e-01  4.0094191e+00 
   600 :  8.4149681e-01  2.0875865e+00 
   601 :  9.2897289e-01  2.6503967e+00 
   602 :  9.0873791e-01  3.3405486e+00 
   603 :  9.4219147e-01  3.3584279e+00 
   604 :  9.4107268e-01  3.3231563e+00 
   605 :  9.4075706e-01  3.2902675e+00 
   606 :  9.1556921e-01  3.2682438e+00 
   607 :  9.1168336e-01  3.2309153e+00 
   608 :  9.3975488e-01  3.3887152e+00 
   609 :  9.1569093e-01  3.4117395e+00 
   610 :  8.7986941e-01  3.2082890e+00 
   611 :  1.5794871e+00  6.5560981e+00 
   612 :  1.0459213e+00  6.6980671e+00 
   613 :  5.8329721e-01  3.1586279e+00 
   614 :  8.1782393e-01  4.9480873e+00 
   615 :  1.3182935e+00  4.0004010e+00 
   616 :  9.4076207e-01  3.0808356e+00 
   617 :  1.1358136e-01  2.9433978e-01 
   618 :  2.1841227e-01  3.6785048e-01 
   619 :  1.4086695e-01  1.4465162e-01 
   620 :  4.0164530e-01  1.6064995e-01 
   621 :  1.0979923e+00  4.0363004e+00 
   622 :  7.7828151e-01  3.4923393e+00 
   623 :  6.1874778e-01  3.0382504e+00 
   624 :  1.1675728e+00  3.9368993e+00 
   625 :  1.5730277e+00  5.0177070e+00 
   626 :  1.4911314e+00  5.1253142e+00 
   627 :  1.7158312e+00  5.0156361e+00 
   628 :  1.1742279e+00  3.9695754e+00 
   629 :  1.1035328e+00  3.9157925e+00 
   630 :  1.0735181e+00  3.9037948e+00 
   631 :  1.0687400e+00  3.8729125e+00 
   632 :  1.1010942e+00  3.8807624e+00 
   633 :  1.0920539e+00  3.8488601e+00 
   634 :  1.0522187e+00  3.7752117e+00 
   635 :  1.0377301e+00  3.7501969e+00 
   636 :  1.2231289e+00  3.9512732e+00 
   637 :  1.0024375e+00  3.6632217e+00 
   638 :  1.3938405e+00  4.0141309e+00 
   639 :  1.1534070e+00  3.8899979e+00 
   640 :  1.2686432e+00  4.0420564e+00 
   641 :  8.9374869e-01  2.4274095e+00 
   642 :  9.1566914e-01  3.1933143e+00 
   643 :  9.4668951e-01  3.2131401e+00 
   644 :  5.8202060e-01  4.0466625e+00 
   645 :  1.0091048e+00  3.6939408e+00 
   646 :  1.2733805e+00  4.2222857e+00 
   647 :  9.6404026e-01  3.9422488e+00 
   648 :  1.4519499e+00  4.2679421e+00 
   649 :  9.7158662e-01  3.5130820e+00 
   650 :  1.0318461e+00  4.2400884e+00 
   651 :  9.5352071e-01  2.8594864e+00 
   652 :  8.2183681e-01  2.8455489e+00 
   653 :  3.9283252e-01  3.9404845e-01 
   654 :  9.2412286e-01  3.7374117e+00 
   655 :  4.9062444e-01  6.4956673e+00 
   656 :  5.2251696e-01  7.1279542e+00 
   657 :  1.4706125e+00  4.1424742e+00 
   658 :  2.0887061e-01  4.8744159e-01 
   659 :  1.4711986e+00  4.0773214e+00 
   660 :  1.2089469e+00  4.1201036e+00 
   661 :  9.4372023e-01  2.7362294e+00 
   662 :  8.3049531e-01  4.1507778e+00 
   663 :  1.3179885e+00  4.1243859e+00 
   664 :  3.8147648e-01  8.1332434e-01 
   665 :  1.4533647e+00  4.0199227e+00 
   666 :  8.2352093e-01  2.6413074e+00 
   667 :  9.7293161e-01  3.3661232e+00 
   668 :  9.7111604e-01  3.3068072e+00 
   669 :  1.3153115e+00  4.3327670e+00 
   670 :  9.6045616e-01  2.9150583e+00 
   671 :  9.7210939e-01  3.2773518e+00 
   672 :  9.6450393e-01  3.0081544e+00 
   673 :  9.6574817e-01  3.1458122e+00 
   674 :  1.5456460e+00  4.5812281e+00 
   675 :  1.4495062e+00  4.5819200e+00 
   676 :  1.5899679e+00  4.6747134e+00 
   677 :  1.4096019e+00  4.5008021e+00 
   678 :  1.3309124e+00  4.5518827e+00 
   679 :  1.1677826e+00  4.0555005e+00 
   680 :  9.7024678e-01  3.6212373e+00 
   681 :  1.0197321e-01  5.4572300e-01 
   682 :  9.3894507e-01  3.2453374e+00 
   683 :  1.9040928e+00  4.6764028e+00 
   684 :  8.8865269e-01  3.9840957e+00 
   685 :  7.8596066e-01  3.5528696e+00 
   686 :  7.8534695e-01  3.5888407e+00 
   687 :  7.6474013e-01  2.3915505e+00 
   688 :  1.2500000e+00  7.5669873e+00 
   689 :  1.2509374e+00  3.9619155e+00 
   690 :  9.1248132e-01  6.1762043e-01 
   691 :  1.6399392e+00  4.9185440e+00 
   692 :  1.0560318e+00  4.0335563e+00 
   693 :  1.2217750e+00  4.0408149e+00 
   694 :  1.4451141e+00  4.0966669e+00 
   695 :  1.0904657e+00  4.0040672e+00 
   696 :  1.7231476e+00  4.5742629e+00 
   697 :  9.7431774e-01  3.6535509e+00 
   698 :  2.3202757e-01  2.4313332e-01 
   699 :  8.2581280e-01  3.9010257e+00 
   700 :  6.5070736e-01  3.2536910e+00 
   701 :  8.2345484e-01  3.6443920e+00 
   702 :  7.8939698e-01  3.6604017e+00 
   703 :  8.2063185e-01  3.5722447e+00 
   704 :  8.4014607e-01  3.9736309e+00 
   705 :  8.2060525e-01  3.5038234e+00 
   706 :  8.1684772e-01  3.4375919e+00 
   707 :  6.6902854e-01  9.2996909e-01 
   708 :  1.0814704e+00  3.8213485e+00 
   709 :  1.0618196e+00  3.8442327e+00 
   710 :  8.1604112e-01  3.3615209e+00 
   711 :  7.8095253e-01  3.3797395e+00 
   712 :  1.1755693e+00  3.9097326e+00 
   713 :  7.6672047e-01  3.2277274e+00 
   714 :  1.1376276e+00  4.9425735e+00 
   715 :  1.1891868e+00  5.1015166e+00 
   716 :  1.4656471e+00  4.7469805e+00 
   717 :  4.3043385e-01  4.3779143e+00 
   718 :  4.0886819e-01  4.2135558e+00 
   719 :  8.8368633e-01  2.8195437e+00 
   720 :  9.7697567e-01  3.2146825e+00 
   721 :  8.1161666e-01  3.2874058e+00 
   722 :  5.3150114e-01  3.7443694e+00 
   723 :  4.4019833e-01  3.6840254e+00 
   724 :  1.4606295e+00  4.3173557e+00 
   725 :  1.3554814e+00  5.2753106e+00 
   726 :  8.6559447e-01  3.8652346e+00 
   727 :  1.2335370e+00  5.8723948e+00 
   728 :  1.3147101e+00  4.2265578e+00 
   729 :  1.0088013e+00  3.7468060e+00 
   730 :  8.9864401e-01  4.1652642e+00 
   731 :  1.1440269e+00  4.2321245e+00 
   732 :  9.6751355e-01  4.4546902e+00 
   733 :  5.2218204e-01  1.6842027e+00 
   734 :  1.0731213e+00  4.4332396e+00 
   735 :  1.6952480e-01  3.8947944e+00 
   736 :  3.5330910e-01  3.7320967e+00 
   737 :  6.8888025e-01  3.0552088e+00 
   738 :  9.7598630e-01  3.0806684e+00 
   739 :  2.4394940e-01  8.2572999e-01 
   740 :  1.0500086e+00  3.8191891e+00 
   741 :  6.6947122e-01  3.9013826e+00 
   742 :  8.2590683e-01  3.7569836e+00 
   743 :  9.1694144e-01  2.9380437e+00 
   744 :  3.5833815e-01  3.6134824e+00 
   745 :  4.3996073e-01  3.5615229e+00 
   746 :  5.3058109e-01  3.6297883e+00 
   747 :  1.1808225e-01  7.9297888e-01 
   748 :  6.0080213e-01  3.6245283e+00 
   749 :  9.7649304e-01  3.4219185e+00 
   750 :  1.2381561e+00  4.5196946e+00 
   751 :  1.2633686e+00  4.6205016e+00 
   752 :  2.3403106e-01  3.5776092e+00 
   753 :  4.8937566e-01  4.1283411e+00 
   754 :  1.1001640e+00  4.3409615e+00 
   755 :  5.7725286e-01  3.5009736e+00 
   756 :  1.9931027e-01  2.4446766e+00 
   757 :  4.3006344e-01  2.7164465e+00 
   758 :  3.4630175e-01  2.9006574e+00 
   759 :  1.2623444e+00  3.9945598e+00 
   760 :  5.2737542e-01  4.2679885e+00 
   761 :  7.9139929e-01  3.6256813e+00 
   762 :  1.1294073e+00  3.8999785e+00 
   763 :  6.0631628e-01  3.7449584e+00 
   764 :  7.5959591e-01  2.8824049e+00 
   765 :  6.0595051e-01  1.1405619e+00 
   766 :  1.1633575e+00  4.3386282e+00 
   767 :  9.4280071e-01  3.1722611e+00 
   768 :  1.1967664e+00  4.0594781e+00 
   769 :  1.2924526e+00  3.9972214e+00 
   770 :  1.6587232e+00  4.7961092e+00 
   771 :  1.8690897e-01  4.0630229e+00 
   772 :  1.3523387e+00  4.0318744e+00 
   773 :  5.5632170e-01  4.8633098e+00 
   774 :  5.7285586e-01  5.1346080e+00 
   775 :  1.9724596e-01  6.0634064e-01 
   776 :  4.8208966e-01  9.5600692e-01 
   777 :  6.7336277e-01  4.0194546e+00 
   778 :  1.3341124e+00  4.3853591e+00 
   779 :  3.2940488e-01  3.8451389e+00 
   780 :  1.1533314e+00  4.4832053e+00 
   781 :  7.7902562e-01  3.3064558e+00 
   782 :  7.0434406e-01  2.2102304e+00 
   783 :  3.0884822e-01  3.1686926e-01 
   784 :  1.0058659e+00  4.1841984e+00 
   785 :  1.4287893e+00  4.2333259e+00 
   786 :  1.4044577e+00  4.1760802e+00 
   787 :  1.4444412e+00  4.4445747e+00 
   788 :  5.2087179e-01  2.7921945e+00 
   789 :  6.8577607e-01  1.5240797e+00 
   790 :  9.9173623e-01  3.9611274e+00 
   791 :  4.1618972e-01  4.5572484e+00 
   792 :  9.5206513e-01  3.4134548e+00 
   793 :  5.6387044e-01  3.0927861e+00 
   794 :  6.6922547e-01  1.9472262e+00 
   795 :  7.1083593e-01  3.1050182e+00 
   796 :  6.0953736e-01  4.3613962e+00 
   797 :  4.4283500e-01  2.9713106e+00 
   798 :  1.0278340e+00  3.9773640e+00 
   799 :  1.1945956e+00  3.9532583e+00 
   800 :  7.1613596e-01  7.3543244e-01 
   801 :  9.9165830e-01  3.6075161e+00 
   802 :  1.3591355e+00  4.0654610e+00 
   803 :  1.6074286e+00  5.2904762e+00 
   804 :  1.6997294e+00  4.6673684e+00 
   805 :  1.4783346e+00  4.0195738e+00 
   806 :  1.1092709e+00  4.0697238e+00 
   807 :  1.0350431e+00  5.0653147e+00 
   808 :  7.8066457e-01  3.3427182e+00 
   809 :  3.4252976e-01  4.0897758e+00 
   810 :  1.9207759e+00  4.5802588e+00 
   811 :  7.9300170e-01  3.6965873e+00 
   812 :  1.4493927e+00  4.1242102e+00 
   813 :  8.7334696e-01  2.7041554e+00 
   814 :  9.8266028e-01  3.6797759e+00 
   815 :  1.6381748e+00  5.1266520e+00 
   816 :  9.9095708e-01  3.9314595e+00 
   817 :  1.0170032e+00  7.2242930e+00 
   818 :  1.1153445e+00  3.8531897e+00 
   819 :  2.9682830e-01  4.3549190e-01 
   820 :  3.4474675e-01  4.7193888e+00 
   821 :  1.0402837e+00  3.7969135e+00 
   822 :  6.2438279e-01  3.9590616e+00 
   823 :  1.0008138e+00  3.7188320e+00 
   824 :  8.2817852e-01  3.7175977e+00 
   825 :  5.6703249e-01  4.6586937e+00 
   826 :  1.4352366e+00  4.0393949e+00 
   827 :  1.3425843e+00  3.9990417e+00 
   828 :  1.3048151e+00  6.2470156e+00 
   829 :  1.2729200e+00  4.0158993e+00 
   830 :  1.0430649e+00  3.8662353e+00 
   831 :  5.2465345e-01  3.5496677e+00 
   832 :  7.9596286e-01  3.5208564e+00 
   833 :  4.1767061e-01  3.4607054e+00 
   834 :  7.5670486e-01  3.6698983e+00 
   835 :  9.4082807e-01  4.2275921e+00 
   836 :  1.3861531e+00  4.6489255e+00 
   837 :  4.1206273e-01  7.7687957e-02 
   838 :  1.3668014e+00  4.0972409e+00 
   839 :  8.5409948e-01  7.1755286e-01 
   840 :  3.2847138e-01  2.2191839e-01 
   841 :  1.7917867e+00  5.4405067e+00 
   842 :  9.3763795e-01  3.0383198e+00 
   843 :  9.4149927e-01  3.1148742e+00 
   844 :  1.6490616e+00  7.6271842e+00 
   845 :  9.2060977e-01  2.8958674e+00 
   846 :  3.5875725e-01  7.6257001e+00 
   847 :  1.0350304e+00  4.0107814e+00 
   848 :  1.1841307e+00  4.0847459e+00 
   849 :  8.9873246e-01  3.1372224e+00 
   850 :  9.5891716e-01  3.6969362e+00 
   851 :  9.8270962e-01  3.5651920e+00 
   852 :  1.0888808e+00  5.2640068e+00 
   853 :  7.8853429e-01  3.4626439e+00 
   854 :  1.3069510e+00  3.9799184e+00 
   855 :  1.0541248e+00  4.1903977e+00 
   856 :  1.1474990e+00  4.0781295e+00 
   857 :  8.6218249e-01  4.2059603e+00 
   858 :  3.3365321e-01  9.4142856e-01 
   859 :  9.5532598e-01  3.4801107e+00 
   860 :  1.8823172e-01  7.1942133e-01 
   861 :  7.4148628e-01  3.3638455e+00 
   862 :  2.7570865e-01  5.2946797e+00 
   863 :  8.4237288e-01  3.9354739e+00 
   864 :  9.5729706e-01  3.5542589e+00 
   865 :  2.8351424e-01  3.1004202e+00 
   866 :  1.0946827e+00  4.2689626e+00 
   867 :  6.2451393e-01  4.2563264e+00 
   868 :  9.1575231e-01  3.1636916e+00 
   869 :  1.7562948e-01  2.8644117e+00 
   870 :  9.4933921e-01  3.2672227e+00 
   871 :  1.4067802e+00  4.0327251e+00 
   872 :  7.0822456e-01  3.3952697e+00 
   873 :  9.4291464e-01  3.9201027e+00 
   874 :  7.4113806e-01  3.4292852e+00 
   875 :  1.4873840e+00  4.6467535e+00 
   876 :  9.7940746e-01  3.4642457e+00 
   877 :  1.1541150e+00  3.9136701e+00 
   878 :  1.2448103e+00  4.0411608e+00 
   879 :  9.5452897e-01  3.3749028e+00 
   880 :  8.2723597e-01  2.5042344e+00 
   881 :  1.7778823e+00  4.1182845e+00 
   882 :  1.6750105e+00  4.0592823e+00 
   883 :  1.5405908e+00  4.2670225e+00 
   884 :  1.8526042e+00  4.2097194e+00 
   885 :  1.5298289e+00  4.1428449e+00 
   886 :  1.5947570e+00  4.0335970e+00 
   887 :  1.7241232e+00  4.0878071e+00 
   888 :  1.8936201e+00  4.3021114e+00 
   889 :  1.7281970e+00  4.4207588e+00 
   890 :  1.5262210e+00  4.0732763e+00 
   891 :  1.5473785e+00  4.3749046e+00 
   892 :  1.5418332e+00  4.0258037e+00 
   893 :  1.6394615e+00  4.4218028e+00 
   894 :  1.6892418e+00  4.3527723e+00 
   895 :  1.7627464e+00  4.3469345e+00 
   896 :  1.7208470e+00  4.2927116e+00 
   897 :  1.6556403e+00  4.2896506e+00 
   898 :  1.6902261e+00  4.2426588e+00 
   899 :  1.7428562e+00  4.2414688e+00 
   900 :  1.7123484e+00  4.1992220e+00 
   901 :  1.6668039e+00  4.2003345e+00 
   902 :  1.6867239e+00  4.1611095e+00 
   903 :  1.6448137e+00  4.1633204e+00 
   904 :  1.6241182e+00  4.1996444e+00 
   905 :  1.6043926e+00  4.1636643e+00 
   906 :  1.6239809e+00  4.1302240e+00 
   907 :  1.5860074e+00  4.1994971e+00 
   908 :  1.6023218e+00  4.2347445e+00 
   909 :  1.7595435e+00  4.1958904e+00 
   910 :  1.5871951e+00  4.1299652e+00 
   911 :  1.6044808e+00  4.0996561e+00 
   912 :  1.6417893e+00  4.0992429e+00 
   913 :  1.5688838e+00  4.1020661e+00 
   914 :  1.6210057e+00  4.0696800e+00 
   915 :  1.7973720e+00  4.2313562e+00 
   916 :  1.8238138e+00  4.4078289e+00 
   917 :  1.7293962e+00  4.1588365e+00 
   918 :  1.7051791e+00  4.1245355e+00 
   919 :  1.6283880e+00  4.3467230e+00 
   920 :  1.5637567e+00  4.1623319e+00 
   921 :  1.5316935e+00  4.2205315e+00 
   922 :  1.6643006e+00  4.1287979e+00 
   923 :  1.5881851e+00  4.0756801e+00 
   924 :  1.5961352e+00  4.2894301e+00 
   925 :  1.6804100e+00  4.0918898e+00 
   926 :  1.5418399e+00  4.3145854e+00 
   927 :  1.7441159e+00  4.1238597e+00 
   928 :  1.5297192e+00  4.1802639e+00 
   929 :  1.5332887e+00  4.1056966e+00 
   930 :  1.8042188e+00  4.1842812e+00 
   931 :  1.8403456e+00  4.2678529e+00 
   932 :  1.9061760e+00  4.4108762e+00 
   933 :  1.7827555e+00  4.2840809e+00 
   934 :  1.8297680e+00  4.3269304e+00 
   935 :  1.6479507e+00  4.0477838e+00 
   936 :  1.8066070e+00  4.1440964e+00 
   937 :  1.7002781e+00  4.0665661e+00 
   938 :  1.5679524e+00  4.0282947e+00 
   939 :  1.5484051e+00  4.0507699e+00 
   940 :  1.6215890e+00  4.0393209e+00 
   941 :  1.6450955e+00  4.2381189e+00 
   942 :  1.8846683e+00  4.2470432e+00 
   943 :  1.5227070e+00  4.0434355e+00 
   944 :  1.7702940e+00  4.1542081e+00 
   945 :  1.5565906e+00  4.1285810e+00 
   946 :  1.6532332e+00  4.0735758e+00 
   947 :  1.5636724e+00  4.4339406e+00 
   948 :  1.5542583e+00  4.0780095e+00 
   949 :  1.5666718e+00  4.2392782e+00 
   950 :  1.7558300e+00  4.0954292e+00 
   951 :  1.9262596e+00  4.3574365e+00 
   952 :  1.8373844e+00  4.1672538e+00 
   953 :  1.5824797e+00  4.3357390e+00 
   954 :  1.5768724e+00  4.0504586e+00 
   955 :  1.5197828e+00  4.0207335e+00 
   956 :  1.9473525e+00  4.4517421e+00 
   957 :  1.5530359e+00  4.1966570e+00 
   958 :  1.6017805e+00  4.0538732e+00 
   959 :  1.8759275e+00  4.3610367e+00 
   960 :  1.5922760e+00  4.3826220e+00 
   961 :  1.6238556e+00  4.2634013e+00 
   962 :  5.9743056e-01  2.7208851e-01 
   963 :  8.3153830e-01  2.9893087e-01 
   964 :  5.9105068e-01  1.6402560e-01 
   965 :  6.9796292e-01  2.0211377e-01 
   966 :  6.2076384e-01  3.9277791e-01 
   967 :  8.7834355e-01  3.8956200e-01 
   968 :  7.1532421e-01  3.0435299e-01 
   969 :  7.9435698e-01  2.0343927e-01 
   970 :  7.7448138e-01  3.9760396e-01 
   971 :  6.6910024e-01  1.1621266e-01 
   972 :  5.8253183e-01  8.2816022e-02 
Number of edges 212 
     0 :      1     22 
     1 :     22     23 
     2 :     23      2 
     3 :      2     24 
     4 :     24     25 
     5 :     25     26 
     6 :     26      0 
     7 :      3     27 
     8 :     27     28 
     9 :     28     29 
    10 :     29     30 
    11 :     30     31 
    12 :     31     32 
    13 :     32     33 
    14 :     33     34 
    15 :     34     35 
    16 :     35     36 
    17 :     36     37 
    18 :     37     38 
    19 :     38     39 
    20 :     39     40 
    21 :     40     41 
    22 :     41     42 
    23 :     42     43 
    24 :     43      4 
    25 :      4     44 
    26 :     44     45 
    27 :     45     46 
    28 :     46     47 
    29 :     47      5 
    30 :      5     48 
    31 :     48     49 
    32 :     49     50 
    33 :     50     51 
    34 :     51     52 
    35 :     52     53 
    36 :     53     54 
    37 :     54     55 
    38 :     55     56 
    39 :     56     57 
    40 :     57      3 
    41 :      6     58 
    42 :     58     59 
    43 :     59     60 
    44 :     60     61 
    45 :     61     62 
    46 :     62      7 
    47 :      7     63 
    48 :     63     64 
    49 :     64      8 
    50 :      8     65 
    51 :     65     66 
    52 :     66     67 
    53 :     67      6 
    54 :      9     68 
    55 :     68     69 
    56 :     69     70 
    57 :     70     10 
    58 :     10     71 
    59 :     71     72 
    60 :     72     73 
    61 :     73     74 
    62 :     74     75 
    63 :     75     76 
    64 :     76     11 
    65 :     12     77 
    66 :     77     78 
    67 :     78     79 
    68 :     79     80 
    69 :     80     81 
    70 :     81     82 
    71 :     82     83 
    72 :     83     84 
    73 :     84     85 
    74 :     85     86 
    75 :     86     87 
    76 :     87     88 
    77 :     88     89 
    78 :     89     90 
    79 :     90     91 
    80 :     91     92 
    81 :     92     93 
    82 :     93     94 
    83 :     94     95 
    84 :     95     96 
    85 :     96     97 
    86 :     97     98 
    87 :     98     99 
    88 :     99    100 
    89 :    100     13 
    90 :     13    101 
    91 :    101    102 
    92 :    102    103 
    93 :    103    104 
    94 :    104    105 
    95 :    105     14 
    96 :     15    106 
    97 :    106    107 
    98 :    107    108 
    99 :    108    109 
   100 :    109     16 
   101 :     16    110 
   102 :    110    111 
   103 :    111    112 
   104 :    112    113 
   105 :    113    114 
   106 :    114    115 
   107 :    115    116 
   108 :    116    117 
   109 :    117    118 
   110 :    118    119 
   111 :    119     17 
   112 :     17    120 
   113 :    120    121 
   114 :    121    122 
   115 :    122    123 
   116 :    123    124 
   117 :    124    125 
   118 :    125    126 
   119 :    126    127 
   120 :    127    128 
   121 :    128    129 
   122 :    129    130 
   123 :    130    131 
   124 :    131    132 
   125 :    132    133 
   126 :    133    134 
   127 :    134    135 
   128 :    135    136 
   129 :    136    137 
   130 :    137    138 
   131 :    138    139 
   132 :    139    140 
   133 :    140    141 
   134 :    141    142 
   135 :    142    143 
   136 :    143    144 
   137 :    144    145 
   138 :    145     18 
   139 :     18    146 
   140 :    146    147 
   141 :    147    148 
   142 :    148    149 
   143 :    149    150 
   144 :    150    151 
   145 :    151    152 
   146 :    152    153 
   147 :    153    154 
   148 :    154    155 
   149 :    155    156 
   150 :    156    157 
   151 :    157    158 
   152 :    158    159 
   153 :    159    160 
   154 :    160    161 
   155 :    161    162 
   156 :    162    163 
   157 :    163    164 
   158 :    164    165 
   159 :    165    166 
   160 :    166    167 
   161 :    167    168 
   162 :    168    169 
   163 :    169    170 
   164 :    170    171 
   165 :    171    172 
   166 :    172    173 
   167 :    173    174 
   168 :    174    175 
   169 :    175      1 
   170 :     19    176 
   171 :    176    177 
   172 :    177      0 
   173 :     20    178 
   174 :    178    179 
   175 :    179    180 
   176 :    180    181 
   177 :    181    182 
   178 :    182    183 
   179 :    183    184 
   180 :    184    185 
   181 :    185    186 
   182 :    186    187 
   183 :    187    188 
   184 :    188    189 
   185 :    189    190 
   186 :    190    191 
   187 :    191    192 
   188 :    192    193 
   189 :    193    194 
   190 :    194    195 
   191 :    195    196 
   192 :    196    197 
   193 :    197    198 
   194 :    198    199 
   195 :    199    200 
   196 :    200    201 
   197 :    201     19 
   198 :     21    202 
   199 :    202    203 
   200 :    203    204 
   201 :    204     20 
   202 :     15    205 
   203 :    205    206 
   204 :    206    207 
   205 :    207    208 
   206 :    208    209 
   207 :    209    210 
   208 :    210    211 
   209 :    211    212 
   210 :    212    213 
   211 :    213     21 
Number of triangles 1682 
     0 :    272    273    271
     1 :    237    271    270
     2 :    643    767    240
     3 :    291    547    526
     4 :    490    636    510
     5 :    518    677    524
     6 :    314    522    326
     7 :    259    659    532
     8 :    680    697    595
     9 :    758    788    448
    10 :    541    835    542
    11 :    541    542    435
    12 :    256    683    540
    13 :    719    813    661
    14 :    273    276    274
    15 :    220    697    680
    16 :    215    517    516
    17 :    316    806    550
    18 :    397    555    396
    19 :    526    742    346
    20 :    431    732    485
    21 :    275    530    273
    22 :    291    526    290
    23 :    241    667    603
    24 :    522    692    326
    25 :    227    719    661
    26 :    603    604    241
    27 :    636    689    510
    28 :    491    652    412
    29 :    588    649    221
    30 :    516    724    215
    31 :    193    262    253
    32 :    586    680    595
    33 :    431    485    458
    34 :    642    767    643
    35 :    228    638    533
    36 :    652    764    412
    37 :    326    806    316
    38 :    555    556    396
    39 :    193    253    192
    40 :    540    804    256
    41 :    328    660    321
    42 :    650    835    784
    43 :    571    575    414
    44 :    112    648    113
    45 :    328    848    660
    46 :    573    654    409
    47 :    275    613    530
    48 :    722    746    333
    49 :    363    663    544
    50 :    589    649    588
    51 :    475    546    534
    52 :    414    576    358
    53 :     23    244      2
    54 :    273    274    271
    55 :    576    830    358
    56 :    253    265    264
    57 :    554    743    225
    58 :    532    826    259
    59 :    262    733    253
    60 :    394    721    546
    61 :    266    582    581
    62 :    414    579    571
    63 :    509    693    419
    64 :    276    278    277
    65 :    551    552    429
    66 :    424    732    431
    67 :    595    596    586
    68 :    458    459    457
    69 :    538    539    248
    70 :    207    538    248
    71 :    777    822    335
    72 :    481    865    758
    73 :    265    266    264
    74 :    276    530    280
    75 :    237    272    271
    76 :    253    264    192
    77 :    225    672    554
    78 :    448    797    758
    79 :    402    551    429
    80 :    196    747    242
    81 :    605    668    604
    82 :    509    768    693
    83 :    567    579    352
    84 :    221    864    588
    85 :    609    792    592
    86 :    253    794    265
    87 :    113    648    226
    88 :    276    277    274
    89 :    422    541    435
    90 :    754    866    504
    91 :    500    554    551
    92 :    651    845    719
    93 :    529    828    612
    94 :    400    555    397
    95 :    476    700    530
    96 :    431    458    457
    97 :    608    792    609
    98 :    297    526    346
    99 :    604    668    241
   100 :    612    655    529
   101 :    426    596    371
   102 :    533    772    228
   103 :    307    599    309
   104 :    278    281    279
   105 :    449    757    581
   106 :    537    834    288
   107 :    454    562    452
   108 :    571    579    567
   109 :    547    742    526
   110 :    758    797    481
   111 :    500    743    554
   112 :    286    537    288
   113 :    633    708    134
   114 :    472    703    685
   115 :    264    756    192
   116 :    721    781    546
   117 :    272    275    273
   118 :    237    270    188
   119 :    280    514    278
   120 :    427    590    379
   121 :    578    711    410
   122 :    381    609    427
   123 :    320    866    650
   124 :    600    794    171
   125 :    134    818    633
   126 :    271    549    270
   127 :    392    607    606
   128 :    589    859    649
   129 :    392    606    389
   130 :    455    695    692
   131 :    556    610    396
   132 :    530    700    280
   133 :    334    663    363
   134 :    269    837    620
   135 :    409    850    573
   136 :    692    695    621
   137 :    282    577    292
   138 :    649    859    236
   139 :    676    770    716
   140 :    667    879    603
   141 :    278    279    277
   142 :    563    852    564
   143 :    586    596    426
   144 :    491    813    719
   145 :    725    803    545
   146 :    427    591    590
   147 :    311    522    314
   148 :    176    619     19
   149 :    194    267    262
   150 :    572    635    634
   151 :    745    833    332
   152 :    273    530    276
   153 :    534    700    475
   154 :     19    619    201
   155 :    427    609    592
   156 :    266    687    582
   157 :    597    876    859
   158 :    242    512    267
   159 :    552    553    429
   160 :    194    262    193
   161 :    281    577    282
   162 :    409    654    365
   163 :    502    827    772
   164 :    685    703    686
   165 :    534    535    514
   166 :    536    537    286
   167 :    192    756    191
   168 :    614    807    563
   169 :    557    843    673
   170 :    276    280    278
   171 :    268    765    525
   172 :    223    682    643
   173 :    659    694    532
   174 :    677    678    524
   175 :    577    622    292
   176 :    208    538    207
   177 :    597    859    591
   178 :    500    551    404
   179 :    580    793    275
   180 :    564    725    545
   181 :    174    559    175
   182 :    299    726    699
   183 :    267    512    268
   184 :    699    726    486
   185 :    270    752    187
   186 :    307    684    599
   187 :    183    238    182
   188 :    268    733    262
   189 :    673    843    224
   190 :    612    656    655
   191 :    191    247    190
   192 :    281    282    279
   193 :    187    752    233
   194 :    181    527    246
   195 :    512    765    268
   196 :    616    842    239
   197 :    597    792    749
   198 :    290    526    294
   199 :    309    324    311
   200 :    172    525    173
   201 :    560    561    507
   202 :    346    347    299
   203 :    239    738    616
   204 :    605    671    668
   205 :    454    669    562
   206 :    544    838    363
   207 :    545    727    564
   208 :    189    237    188
   209 :    294    526    297
   210 :    282    292    284
   211 :    187    233    186
   212 :    185    232    184
   213 :    757    788    758
   214 :    464    482    465
   215 :    240    720    643
   216 :    404    551    402
   217 :    733    794    253
   218 :    324    522    311
   219 :    297    346    299
   220 :    612    828    611
   221 :    284    536    286
   222 :    324    523    522
   223 :    719    845    501
   224 :    566    567    352
   225 :    445    588    584
   226 :    461    807    614
   227 :    602    603    450
   228 :    587    851    143
   229 :    201    617    200
   230 :    489    748    746
   231 :    542    835    650
   232 :    643    720    223
   233 :    708    740    218
   234 :    530    613    476
   235 :    615    827    502
   236 :    465    714    462
   237 :    297    299    298
   238 :    143    801    587
   239 :    592    792    597
   240 :    371    596    369
   241 :    177    837    269
   242 :    379    590    377
   243 :    183    820    238
   244 :    303    704    307
   245 :    495    644    497
   246 :    268    789    733
   247 :    280    534    514
   248 :    247    869    190
   249 :    561    785    451
   250 :    383    609    381
   251 :    447    760    753
   252 :    709    740    708
   253 :    746    831    489
   254 :    288    291    290
   255 :    314    326    316
   256 :    177    269    176
   257 :    385    602    450
   258 :    445    584    375
   259 :    352    579    353
   260 :    307    704    684
   261 :    346    348    347
   262 :    307    309    308
   263 :    257    800    707
   264 :    349    566    352
   265 :    784    835    313
   266 :    294    297    296
   267 :    348    349    347
   268 :    772    802    436
   269 :    207    248    206
   270 :    536    686    537
   271 :    527    528    246
   272 :    584    588    585
   273 :    502    772    436
   274 :    292    536    284
   275 :    267    268    262
   276 :    449    788    757
   277 :    474    491    412
   278 :    622    832    292
   279 :    593    594    409
   280 :    410    706    578
   281 :    396    610    393
   282 :    269    619    176
   283 :    318    328    321
   284 :    422    435    424
   285 :    266    583    264
   286 :    211    254    210
   287 :    549    833    745
   288 :    565    866    754
   289 :    542    565    543
   290 :    504    766    754
   291 :    333    763    722
   292 :    316    550    318
   293 :    515    711    578
   294 :    254    545    210
   295 :    575    576    414
   296 :    644    822    777
   297 :    446    605    604
   298 :    249    559    174
   299 :    562    728    452
   300 :    484    625    482
   301 :    215    518    517
   302 :    188    270    187
   303 :    309    311    310
   304 :    527    563    528
   305 :    303    307    305
   306 :    338    646    562
   307 :    242    747    739
   308 :    360    631    630
   309 :    552    616    553
   310 :    507    657    560
   311 :    242    267    195
   312 :    534    546    535
   313 :    617    618    251
   314 :    428    705    622
   315 :    542    543    435
   316 :    171    261    172
   317 :    323    329    327
   318 :    458    485    471
   319 :    434    640    503
   320 :    429    555    400
   321 :    462    714    459
   322 :     23    263    244
   323 :    313    835    730
   324 :    329    336    330
   325 :    475    713    546
   326 :    348    351    349
   327 :    292    832    685
   328 :    367    593    409
   329 :    259    826    665
   330 :    488    647    598
   331 :    200    617    251
   332 :    591    859    590
   333 :    572    729    635
   334 :    173    249    174
   335 :    446    604    602
   336 :    481    580    275
   337 :    351    566    349
   338 :    216    759    689
   339 :    252    260      2
   340 :    229    538    208
   341 :    598    599    488
   342 :    458    460    459
   343 :    211    611    254
   344 :    181    862    527
   345 :    638    871    533
   346 :    624    628    466
   347 :    551    554    552
   348 :    360    630    361
   349 :    311    314    312
   350 :    660    848    509
   351 :    179    656    178
   352 :    568    654    573
   353 :    209    229    208
   354 :    418    640    434
   355 :    420    541    422
   356 :    402    429    400
   357 :    559    839    175
   358 :    556    642    610
   359 :    425    500    404
   360 :    590    859    589
   361 :    435    732    424
   362 :    321    660    323
   363 :    581    583    266
   364 :    182    862    181
   365 :    329    330    327
   366 :    566    568    567
   367 :    349    352    350
   368 :    451    786    561
   369 :    417    418    336
   370 :      2    653     24
   371 :    334    363    362
   372 :    723    746    722
   373 :    389    606    446
   374 :    417    660    509
   375 :    566    654    568
   376 :    363    444    443
   377 :    514    872    278
   378 :    214    799    624
   379 :    314    316    315
   380 :    835    857    730
   381 :    650    866    565
   382 :    297    298    296
   383 :    212    611    211
   384 :    252    513    260
   385 :    466    628    467
   386 :    278    872    281
   387 :    655    656    179
   388 :    675    678    677
   389 :    365    654    351
   390 :    329    660    417
   391 :    181    246    180
   392 :    318    550    328
   393 :    367    409    365
   394 :    244    252      2
   395 :    269    698    619
   396 :    171    794    261
   397 :    689    759    510
   398 :    189    558    237
   399 :    210    841    209
   400 :    184    548    183
   401 :    255    612    611
   402 :    138    635    219
   403 :    329    417    336
   404 :    651    719    227
   405 :    260    653      2
   406 :    603    608    450
   407 :    441    629    478
   408 :    524    778    518
   409 :    356    414    358
   410 :    387    602    385
   411 :    525    789    268
   412 :    568    569    567
   413 :    316    318    317
   414 :    369    593    367
   415 :    418    434    433
   416 :    427    592    591
   417 :    185    771    232
   418 :    169    641    235
   419 :    444    506    505
   420 :    542    650    565
   421 :    326    692    621
   422 :    553    843    557
   423 :    446    602    387
   424 :    581    757    583
   425 :    540    683    248
   426 :    538    627    539
   427 :    464    465    462
   428 :    419    640    418
   429 :    255    611    212
   430 :    363    443    362
   431 :    190    558    189
   432 :    765    776    707
   433 :    593    595    594
   434 :    112    724    648
   435 :    734    780    485
   436 :    544    663    433
   437 :    229    627    538
   438 :    375    584    373
   439 :    624    799    628
   440 :    324    598    523
   441 :    356    358    357
   442 :    650    855    320
   443 :    233    744    736
   444 :    630    632    629
   445 :    631    632    630
   446 :    373    426    371
   447 :    418    433    336
   448 :    601    666    234
   449 :    642    643    607
   450 :    553    555    429
   451 :    282    284    283
   452 :    353    356    355
   453 :    563    774    614
   454 :    445    589    588
   455 :    349    350    347
   456 :    353    579    356
   457 :    318    321    319
   458 :    673    767    557
   459 :    389    446    387
   460 :    587    864    851
   461 :    433    663    336
   462 :    417    419    418
   463 :    364    365    351
   464 :    377    445    375
   465 :    385    450    383
   466 :     22    263     23
   467 :    477    793    623
   468 :    602    604    603
   469 :    381    427    379
   470 :    444    505    443
   471 :    546    713    394
   472 :    707    800    559
   473 :    656    846    178
   474 :    508    531    506
   475 :    439    629    441
   476 :    512    776    765
   477 :    358    360    359
   478 :    584    585    426
   479 :    330    663    334
   480 :    568    570    569
   481 :    265    782    266
   482 :    717    796    432
   483 :    434    502    436
   484 :    444    508    506
   485 :    491    719    652
   486 :     24    250     25
   487 :    307    308    305
   488 :    758    865    558
   489 :    450    609    383
   490 :    790    798    523
   491 :    321    323    322
   492 :    377    590    445
   493 :    373    584    426
   494 :    361    630    439
   495 :    186    735    185
   496 :    501    743    500
   497 :    369    596    593
   498 :    625    691    627
   499 :    434    436    433
   500 :    563    564    528
   501 :    441    478    466
   502 :    470    490    480
   503 :    366    367    365
   504 :    473    856    806
   505 :    592    597    591
   506 :    467    628    470
   507 :    137    635    138
   508 :    309    310    308
   509 :    351    654    566
   510 :    352    353    350
   511 :    284    286    285
   512 :    631    633    632
   513 :    585    864    587
   514 :    401    737    403
   515 :    439    441    440
   516 :    569    572    571
   517 :    180    655    179
   518 :    323    327    325
   519 :    716    770    484
   520 :    260    775    658
   521 :    368    369    367
   522 :    478    624    466
   523 :    292    685    536
   524 :    594    850    409
   525 :    361    439    438
   526 :    490    510    480
   527 :    508    533    531
   528 :    248    683    206
   529 :    490    799    636
   530 :    632    818    217
   531 :    585    587    586
   532 :    597    749    147
   533 :    607    682    606
   534 :    503    615    502
   535 :    441    466    442
   536 :    434    503    502
   537 :     25    620     26
   538 :    370    371    369
   539 :    585    586    426
   540 :    330    334    331
   541 :    531    532    506
   542 :    271    833    549
   543 :    356    357    355
   544 :    569    571    567
   545 :    311    312    310
   546 :    286    288    287
   547 :    420    857    541
   548 :    646    728    562
   549 :    170    600    171
   550 :    200    251    199
   551 :    513    775    260
   552 :    635    729    219
   553 :    470    480    479
   554 :    634    821    572
   555 :    372    373    371
   556 :    169    235    170
   557 :    358    359    357
   558 :    782    794    600
   559 :    338    562    341
   560 :    573    574    570
   561 :    470    628    490
   562 :    557    849    553
   563 :    735    771    185
   564 :    467    470    469
   565 :    425    501    500
   566 :    588    864    585
   567 :    348    364    351
   568 :    482    483    465
   569 :    374    375    373
   570 :    334    362    345
   571 :    439    630    629
   572 :    172    789    525
   573 :    760    796    717
   574 :    356    579    414
   575 :    323    660    329
   576 :    393    610    392
   577 :    598    790    523
   578 :    232    548    184
   579 :    360    361    359
   580 :    213    255    212
   581 :    336    663    330
   582 :    358    830    360
   583 :    376    377    375
   584 :    572    575    571
   585 :    190    869    558
   586 :    613    793    477
   587 :    578    853    577
   588 :    624    712    214
   589 :    314    315    312
   590 :    288    290    289
   591 :    110    215    111
   592 :    618    658    251
   593 :    347    726    299
   594 :    458    471    460
   595 :    309    599    324
   596 :    136    634    137
   597 :    298    699    301
   598 :    378    379    377
   599 :    634    635    137
   600 :    277    332    274
   601 :    552    842    616
   602 :    439    440    438
   603 :    608    609    450
   604 :    485    780    471
   605 :    535    861    514
   606 :    545    841    210
   607 :    568    573    570
   608 :    616    738    224
   609 :    380    381    379
   610 :    441    442    440
   611 :    593    596    595
   612 :    666    880    234
   613 :    147    876    597
   614 :    549    745    744
   615 :    113    226    114
   616 :    364    366    365
   617 :    820    825    773
   618 :    316    317    315
   619 :    382    383    381
   620 :    531    826    532
   621 :    466    467    442
   622 :    623    737    477
   623 :    114    560    115
   624 :    506    694    505
   625 :    451    785    453
   626 :    569    729    572
   627 :    217    762    632
   628 :    610    642    607
   629 :    290    294    293
   630 :    625    626    482
   631 :    633    818    632
   632 :    510    511    480
   633 :    118    259    119
   634 :    384    385    383
   635 :    445    590    589
   636 :    254    727    545
   637 :    366    368    367
   638 :    643    682    607
   639 :    116    230    117
   640 :    531    871    826
   641 :    392    610    607
   642 :      0    837    177
   643 :    608    879    222
   644 :    125    827    615
   645 :    224    843    616
   646 :    470    479    469
   647 :    386    387    385
   648 :    446    606    605
   649 :    555    849    556
   650 :    318    319    317
   651 :    408    623    580
   652 :    368    370    369
   653 :    622    853    428
   654 :    686    761    537
   655 :    199    681    198
   656 :    251    681    199
   657 :    282    283    279
   658 :    115    657    116
   659 :    195    267    194
   660 :    222    792    608
   661 :    226    561    560
   662 :    117    659    118
   663 :    281    874    577
   664 :    644    777    343
   665 :    167    234    168
   666 :    791    825    820
   667 :    388    389    387
   668 :    258    846    656
   669 :    121    665    243
   670 :    627    691    539
   671 :    436    544    433
   672 :    370    372    371
   673 :    595    697    594
   674 :     18    236    146
   675 :    294    296    295
   676 :    619    698    617
   677 :    118    659    259
   678 :    277    755    332
   679 :    330    331    327
   680 :    583    757    247
   681 :    363    838    444
   682 :    250    620     25
   683 :    561    786    507
   684 :    321    322    319
   685 :    632    762    629
   686 :    242    858    512
   687 :    372    374    373
   688 :    306    662    420
   689 :    298    301    300
   690 :    587    680    586
   691 :    390    392    389
   692 :    233    735    186
   693 :    417    509    419
   694 :    353    355    354
   695 :    134    708    135
   696 :    230    694    659
   697 :    148    222    149
   698 :    140    645    637
   699 :    132    639    217
   700 :    243    638    122
   701 :    129    636    214
   702 :    141    637    220
   703 :    219    645    139
   704 :    221    649    145
   705 :    123    638    228
   706 :    265    794    782
   707 :    230    659    117
   708 :    120    665    121
   709 :    149    667    150
   710 :     18    649    236
   711 :    374    376    375
   712 :    226    560    114
   713 :    216    689    127
   714 :    128    689    636
   715 :    150    241    151
   716 :    505    507    443
   717 :    501    845    743
   718 :    772    827    228
   719 :    517    669    454
   720 :    611    828    254
   721 :    560    657    115
   722 :    323    325    322
   723 :    116    657    230
   724 :    151    668    152
   725 :    376    378    377
   726 :    232    717    548
   727 :    574    814    645
   728 :    361    438    437
   729 :    686    703    413
   730 :    495    822    644
   731 :    135    218    136
   732 :    139    645    140
   733 :    122    638    123
   734 :    140    637    141
   735 :    141    220    142
   736 :    131    639    132
   737 :    144    221    145
   738 :    128    636    129
   739 :    132    217    133
   740 :    123    228    124
   741 :    126    216    127
   742 :    129    214    130
   743 :    121    243    122
   744 :    138    219    139
   745 :    145    649     18
   746 :    152    671    153
   747 :    606    870    605
   748 :    153    223    154
   749 :    480    693    479
   750 :    806    856    550
   751 :    378    380    379
   752 :    616    843    553
   753 :    629    762    478
   754 :    106    256    107
   755 :    291    811    547
   756 :    647    873    357
   757 :    599    684    488
   758 :    736    779    233
   759 :    334    345    331
   760 :    218    634    136
   761 :    155    240    156
   762 :    222    667    149
   763 :    395    396    393
   764 :    467    469    468
   765 :    127    689    128
   766 :    453    648    516
   767 :    436    802    544
   768 :    246    655    180
   769 :    380    382    381
   770 :    533    871    531
   771 :    301    303    302
   772 :    577    853    622
   773 :    233    752    744
   774 :    697    814    594
   775 :    532    694    506
   776 :    166    601    167
   777 :    150    667    241
   778 :    157    224    158
   779 :    769    829    759
   780 :    416    488    487
   781 :    582    666    474
   782 :    641    687    235
   783 :    252    664    513
   784 :    156    673    157
   785 :    617    698    618
   786 :    644    753    497
   787 :    382    384    383
   788 :    474    666    491
   789 :    215    724    111
   790 :    637    697    220
   791 :    362    451    345
   792 :    284    285    283
   793 :    159    239    160
   794 :     16    787    110
   795 :    241    668    151
   796 :    203    688    202
   797 :    288    834    291
   798 :    301    704    303
   799 :    539    540    248
   800 :    206    683    205
   801 :    161    225    162
   802 :    299    699    298
   803 :    168    641    169
   804 :    528    529    246
   805 :    399    400    397
   806 :    384    386    385
   807 :    605    870    671
   808 :    401    402    400
   809 :    546    781    535
   810 :    163    651    164
   811 :    645    814    637
   812 :    164    227    165
   813 :    475    700    476
   814 :    682    870    606
   815 :    131    712    639
   816 :    214    712    130
   817 :    729    823    219
   818 :    558    865    237
   819 :    437    798    790
   820 :    668    671    152
   821 :    244    257    252
   822 :    562    669    341
   823 :    523    847    522
   824 :    204    258    203
   825 :    467    468    442
   826 :    361    437    359
   827 :    533    802    772
   828 :    511    693    480
   829 :    303    305    304
   830 :    346    742    348
   831 :    353    354    350
   832 :    386    388    387
   833 :    460    462    459
   834 :    527    774    563
   835 :    153    671    223
   836 :    325    646    338
   837 :    286    287    285
   838 :    198    245    197
   839 :    483    725    715
   840 :    440    455    438
   841 :    753    760    718
   842 :    198    681    245
   843 :    160    672    161
   844 :    479    679    469
   845 :    403    404    402
   846 :    388    390    389
   847 :    216    769    759
   848 :    119    805     17
   849 :    403    737    406
   850 :    233    779    735
   851 :    357    816    647
   852 :     17    805    120
   853 :    280    700    534
   854 :    515    872    861
   855 :    631    709    633
   856 :    263    800    244
   857 :    406    623    408
   858 :    324    599    598
   859 :    859    876    236
   860 :    459    714    461
   861 :    327    646    325
   862 :     22    690    263
   863 :    802    838    544
   864 :     15    810    106
   865 :    745    831    746
   866 :    288    289    287
   867 :    814    850    594
   868 :    469    473    468
   869 :    162    670    163
   870 :    521    780    734
   871 :    390    393    392
   872 :    109    674     16
   873 :    147    749    148
   874 :    272    481    275
   875 :    398    475    415
   876 :    398    713    475
   877 :    658    681    251
   878 :    575    740    576
   879 :    762    877    478
   880 :    408    580    448
   881 :    107    696    108
   882 :    133    818    134
   883 :    274    833    271
   884 :    355    416    354
   885 :    124    827    125
   886 :    722    763    340
   887 :    693    768    479
   888 :    553    849    555
   889 :    362    786    451
   890 :    405    425    404
   891 :    494    722    340
   892 :    406    737    623
   893 :    664    739    513
   894 :    473    621    468
   895 :    240    673    156
   896 :    143    851    144
   897 :    370    413    372
   898 :    111    724    112
   899 :    570    729    569
   900 :    366    492    368
   901 :    374    472    376
   902 :    615    854    125
   903 :    442    695    440
   904 :    685    686    536
   905 :    306    420    344
   906 :    447    644    343
   907 :    165    661    166
   908 :    290    293    289
   909 :    378    428    380
   910 :    298    300    296
   911 :    157    673    224
   912 :    554    842    552
   913 :    861    872    514
   914 :    416    873    488
   915 :    621    806    326
   916 :    469    679    473
   917 :    232    718    717
   918 :    154    720    155
   919 :    848    856    679
   920 :    223    720    154
   921 :      1    690     22
   922 :    258    688    203
   923 :    382    410    384
   924 :    108    231    109
   925 :    166    661    601
   926 :    155    720    240
   927 :    420    422    421
   928 :    488    873    647
   929 :    431    457    456
   930 :    395    397    396
   931 :    220    801    142
   932 :    412    764    407
   933 :    511    829    640
   934 :    537    761    702
   935 :    266    782    687
   936 :    130    712    131
   937 :    191    756    247
   938 :    167    601    234
   939 :    529    655    246
   940 :    499    722    494
   941 :    725    852    715
   942 :    488    684    487
   943 :    294    295    293
   944 :     21    844    213
   945 :    411    412    407
   946 :    648    785    226
   947 :    464    484    482
   948 :    135    708    218
   949 :    639    877    762
   950 :    386    391    388
   951 :    468    695    442
   952 :    507    812    657
   953 :    126    854    216
   954 :    746    748    333
   955 :    178    846     20
   956 :    460    463    462
   957 :    440    695    455
   958 :    325    338    337
   959 :    680    801    220
   960 :    146    876    147
   961 :    699    863    301
   962 :    357    873    355
   963 :    872    874    281
   964 :    451    453    452
   965 :    161    672    225
   966 :    811    834    702
   967 :    675    677     16
   968 :    163    670    651
   969 :    158    738    159
   970 :    550    856    328
   971 :    331    646    327
   972 :    283    755    279
   973 :    261    789    172
   974 :    577    874    578
   975 :    372    703    374
   976 :    350    726    347
   977 :    376    705    378
   978 :    449    474    412
   979 :    672    842    554
   980 :    390    394    393
   981 :     24    653    250
   982 :    640    829    503
   983 :    675    836    678
   984 :    515    874    872
   985 :    519    778    524
   986 :    256    696    107
   987 :    368    701    370
   988 :    201    619    617
   989 :    528    727    529
   990 :    416    486    354
   991 :    218    821    634
   992 :    612    817    656
   993 :    578    874    515
   994 :    492    824    811
   995 :    341    669    519
   996 :    301    302    300
   997 :    451    452    345
   998 :    633    709    708
   999 :    205    810     15
  1000 :    648    724    516
  1001 :    399    401    400
  1002 :    247    756    583
  1003 :    621    695    468
  1004 :    656    817    258
  1005 :    173    525    249
  1006 :    394    395    393
  1007 :    465    715    714
  1008 :    422    424    423
  1009 :    159    738    239
  1010 :    338    341    339
  1011 :    312    313    310
  1012 :    308    662    305
  1013 :    416    487    486
  1014 :    453    516    454
  1015 :    319    320    317
  1016 :    565    754    543
  1017 :    224    738    158
  1018 :    757    758    247
  1019 :    380    706    382
  1020 :    636    799    214
  1021 :    768    848    679
  1022 :    507    786    443
  1023 :    642    868    767
  1024 :    705    832    622
  1025 :    325    337    322
  1026 :    239    672    160
  1027 :    541    857    835
  1028 :    279    755    277
  1029 :    164    651    227
  1030 :    339    504    337
  1031 :    496    499    494
  1032 :    570    823    729
  1033 :    401    403    402
  1034 :    257    664    252
  1035 :    303    304    302
  1036 :    645    823    574
  1037 :    640    878    511
  1038 :    249    707    559
  1039 :    223    870    682
  1040 :    413    761    686
  1041 :    625    815    626
  1042 :    543    732    435
  1043 :    395    398    397
  1044 :    620    837     26
  1045 :    428    853    706
  1046 :    413    703    372
  1047 :    202    844     21
  1048 :    684    704    487
  1049 :    581    582    474
  1050 :    374    703    472
  1051 :    341    519    342
  1052 :    472    705    376
  1053 :     20    846    204
  1054 :    354    726    350
  1055 :    679    856    473
  1056 :    583    756    264
  1057 :    678    750    524
  1058 :    582    880    666
  1059 :    378    705    428
  1060 :    492    701    368
  1061 :    425    652    501
  1062 :    484    691    625
  1063 :    370    701    413
  1064 :    564    727    528
  1065 :    734    754    521
  1066 :    453    454    452
  1067 :    384    710    386
  1068 :    518    787    677
  1069 :    499    723    722
  1070 :    463    464    462
  1071 :    639    762    217
  1072 :    475    476    415
  1073 :    587    801    680
  1074 :    300    741    296
  1075 :    260    819    653
  1076 :    774    862    238
  1077 :    398    399    397
  1078 :    627    815    625
  1079 :    403    405    404
  1080 :    685    832    472
  1081 :    520    521    342
  1082 :    428    706    380
  1083 :    424    431    430
  1084 :    503    769    615
  1085 :    510    759    511
  1086 :    694    812    505
  1087 :    706    853    578
  1088 :    305    306    304
  1089 :    631    830    709
  1090 :    492    702    701
  1091 :    244    800    257
  1092 :    382    706    410
  1093 :    239    842    672
  1094 :    455    798    438
  1095 :    548    820    183
  1096 :    453    785    648
  1097 :    505    812    507
  1098 :    338    339    337
  1099 :    709    830    576
  1100 :    255    817    612
  1101 :    148    749    222
  1102 :    225    670    162
  1103 :    739    860    513
  1104 :    677    787     16
  1105 :    213    844    255
  1106 :    345    728    331
  1107 :    519    524    520
  1108 :    740    821    218
  1109 :    108    696    231
  1110 :    543    754    734
  1111 :    516    517    454
  1112 :    671    870    223
  1113 :    410    710    384
  1114 :    285    489    283
  1115 :    410    711    710
  1116 :    348    742    364
  1117 :    398    415    399
  1118 :    701    761    413
  1119 :    275    793    613
  1120 :    432    791    717
  1121 :    386    710    391
  1122 :    394    713    395
  1123 :    674    675     16
  1124 :    222    879    667
  1125 :    388    721    390
  1126 :    296    741    295
  1127 :    437    816    359
  1128 :    216    854    769
  1129 :    603    879    608
  1130 :    305    662    306
  1131 :    737    795    477
  1132 :    572    821    575
  1133 :    476    477    415
  1134 :    289    333    287
  1135 :    773    774    238
  1136 :    489    755    283
  1137 :    647    790    598
  1138 :    291    834    811
  1139 :    459    461    457
  1140 :    430    825    432
  1141 :    237    865    272
  1142 :    653    783    250
  1143 :    341    342    339
  1144 :    322    731    319
  1145 :    219    823    645
  1146 :    702    761    701
  1147 :    447    867    760
  1148 :    702    834    537
  1149 :    744    745    723
  1150 :    486    726    354
  1151 :    295    493    340
  1152 :    405    764    425
  1153 :    403    406    405
  1154 :    302    335    300
  1155 :    391    721    388
  1156 :    735    779    498
  1157 :    652    719    501
  1158 :    295    340    293
  1159 :    390    721    394
  1160 :    576    740    709
  1161 :    504    731    337
  1162 :    482    626    483
  1163 :    332    831    745
  1164 :    628    799    490
  1165 :    230    812    694
  1166 :    420    421    344
  1167 :    479    768    679
  1168 :    556    868    642
  1169 :    443    786    362
  1170 :    360    830    631
  1171 :    310    730    308
  1172 :    419    878    640
  1173 :    716    875    676
  1174 :    698    783    618
  1175 :    401    795    737
  1176 :    498    771    735
  1177 :    238    820    773
  1178 :    395    713    398
  1179 :    503    829    769
  1180 :    521    766    342
  1181 :    826    871    243
  1182 :    696    804    231
  1183 :    753    809    497
  1184 :    519    520    342
  1185 :    452    728    345
  1186 :    240    767    673
  1187 :    331    728    646
  1188 :    733    789    261
  1189 :    476    613    477
  1190 :    306    343    304
  1191 :    666    813    491
  1192 :    478    877    624
  1193 :    574    823    570
  1194 :    335    822    741
  1195 :    366    824    492
  1196 :    411    449    412
  1197 :    658    775    681
  1198 :    486    863    699
  1199 :    493    495    494
  1200 :    522    847    692
  1201 :    745    746    723
  1202 :    231    674    109
  1203 :    225    743    670
  1204 :    406    407    405
  1205 :     26    837      0
  1206 :    256    810    683
  1207 :    422    423    421
  1208 :    678    836    751
  1209 :    681    775    245
  1210 :    406    408    407
  1211 :    851    864    221
  1212 :    308    730    662
  1213 :    235    782    600
  1214 :    527    862    774
  1215 :    601    813    666
  1216 :    215    787    518
  1217 :    227    661    165
  1218 :    811    824    547
  1219 :    226    785    561
  1220 :    301    863    704
  1221 :    319    731    320
  1222 :    508    802    533
  1223 :    641    880    687
  1224 :    493    494    340
  1225 :    543    734    732
  1226 :    335    741    300
  1227 :    662    857    420
  1228 :    675    875    836
  1229 :    524    750    520
  1230 :    463    836    716
  1231 :    306    344    343
  1232 :    499    736    723
  1233 :    692    847    455
  1234 :    755    831    332
  1235 :    337    731    322
  1236 :    259    805    119
  1237 :    736    744    723
  1238 :    238    862    182
  1239 :    496    779    499
  1240 :    525    765    249
  1241 :    487    863    486
  1242 :    783    819    618
  1243 :    456    825    430
  1244 :    460    751    463
  1245 :    653    819    783
  1246 :    688    817    255
  1247 :    471    751    460
  1248 :    463    716    464
  1249 :    718    760    717
  1250 :    518    778    517
  1251 :    665    826    243
  1252 :    449    581    474
  1253 :    235    600    170
  1254 :    836    875    716
  1255 :    495    497    496
  1256 :    142    801    143
  1257 :    255    844    688
  1258 :    312    784    313
  1259 :    344    447    343
  1260 :    408    411    407
  1261 :    425    764    652
  1262 :    313    730    310
  1263 :    455    847    798
  1264 :    287    748    285
  1265 :    741    822    493
  1266 :    508    838    802
  1267 :    444    838    508
  1268 :    408    448    411
  1269 :    424    430    423
  1270 :    295    741    493
  1271 :    245    747    197
  1272 :    683    810    205
  1273 :    120    805    665
  1274 :    438    798    437
  1275 :    517    778    669
  1276 :    731    866    320
  1277 :    657    812    230
  1278 :    234    641    168
  1279 :    495    496    494
  1280 :    484    770    691
  1281 :    573    850    574
  1282 :    665    805    259
  1283 :    315    784    312
  1284 :    249    765    707
  1285 :    110    787    215
  1286 :    564    852    725
  1287 :    447    753    644
  1288 :    430    432    423
  1289 :    661    813    601
  1290 :    712    877    639
  1291 :    359    816    357
  1292 :    243    871    638
  1293 :    481    797    580
  1294 :    742    824    364
  1295 :    477    795    415
  1296 :    707    776    257
  1297 :    687    880    582
  1298 :    614    773    456
  1299 :    261    794    733
  1300 :    676    804    770
  1301 :    399    795    401
  1302 :    431    456    430
  1303 :    217    818    133
  1304 :    457    614    456
  1305 :    339    766    504
  1306 :    658    819    260
  1307 :    293    763    289
  1308 :    497    498    496
  1309 :    618    819    658
  1310 :    407    764    405
  1311 :    790    816    437
  1312 :    320    855    317
  1313 :    754    766    521
  1314 :    228    827    124
  1315 :    364    824    366
  1316 :    269    840    698
  1317 :    504    866    731
  1318 :    125    854    126
  1319 :    574    850    814
  1320 :    232    809    718
  1321 :    637    814    697
  1322 :    744    752    549
  1323 :    231    676    674
  1324 :    549    752    270
  1325 :    285    748    489
  1326 :    498    809    771
  1327 :    464    716    484
  1328 :    231    804    676
  1329 :    333    748    287
  1330 :    415    795    399
  1331 :    263    839    800
  1332 :    623    793    580
  1333 :    614    774    773
  1334 :    727    828    529
  1335 :    229    815    627
  1336 :    144    851    221
  1337 :    759    829    511
  1338 :    687    782    235
  1339 :    257    776    664
  1340 :    106    810    256
  1341 :    473    806    621
  1342 :    781    808    535
  1343 :    391    781    721
  1344 :    236    876    146
  1345 :    669    778    519
  1346 :    678    751    750
  1347 :    751    836    463
  1348 :    340    763    293
  1349 :    499    779    736
  1350 :    771    809    232
  1351 :    688    844    202
  1352 :    342    766    339
  1353 :    289    763    333
  1354 :    670    845    651
  1355 :    520    780    521
  1356 :    343    777    304
  1357 :    355    873    416
  1358 :    204    846    258
  1359 :    718    809    753
  1360 :    391    808    781
  1361 :    258    817    688
  1362 :    197    747    196
  1363 :    511    878    693
  1364 :    620    840    269
  1365 :    328    856    848
  1366 :    664    858    739
  1367 :    691    770    539
  1368 :    304    777    302
  1369 :    317    855    315
  1370 :    749    792    222
  1371 :    332    833    274
  1372 :    492    811    702
  1373 :    547    824    742
  1374 :    498    779    496
  1375 :    800    839    559
  1376 :    250    840    620
  1377 :    758    869    247
  1378 :    315    855    784
  1379 :    807    852    563
  1380 :    493    822    495
  1381 :    575    821    740
  1382 :    432    796    423
  1383 :    302    777    335
  1384 :    580    797    448
  1385 :    711    808    710
  1386 :    849    868    556
  1387 :    209    841    229
  1388 :    624    877    712
  1389 :    558    869    758
  1390 :    432    825    791
  1391 :    704    863    487
  1392 :    557    868    849
  1393 :    773    825    456
  1394 :    693    878    419
  1395 :    750    780    520
  1396 :    175    839    690
  1397 :    472    832    705
  1398 :    783    840    250
  1399 :    808    861    535
  1400 :    423    796    421
  1401 :    710    808    391
  1402 :    483    715    465
  1403 :    690    839    263
  1404 :    770    804    540
  1405 :    626    815    803
  1406 :    775    860    245
  1407 :    769    854    615
  1408 :    732    734    485
  1409 :    448    788    411
  1410 :    798    847    523
  1411 :    344    867    447
  1412 :    743    845    670
  1413 :    411    788    449
  1414 :    717    791    548
  1415 :    750    751    471
  1416 :    272    865    481
  1417 :    489    831    755
  1418 :    461    614    457
  1419 :    254    828    727
  1420 :    539    770    540
  1421 :    421    867    344
  1422 :    515    861    711
  1423 :    509    848    768
  1424 :    497    809    498
  1425 :    739    858    242
  1426 :    711    861    808
  1427 :    229    841    803
  1428 :    698    840    783
  1429 :    784    855    650
  1430 :    803    841    545
  1431 :    730    857    662
  1432 :    647    816    790
  1433 :    796    867    421
  1434 :    776    858    664
  1435 :    674    875    675
  1436 :    513    860    775
  1437 :    791    820    548
  1438 :    234    880    641
  1439 :    245    860    747
  1440 :    676    875    674
  1441 :    767    868    557
  1442 :    512    858    776
  1443 :    471    780    750
  1444 :    715    807    714
  1445 :    626    725    483
  1446 :    714    807    461
  1447 :    626    803    725
  1448 :    803    815    229
  1449 :    760    867    796
  1450 :    715    852    807
  1451 :    747    860    739
  1452 :    175    690      1
  1453 :    196    242    195
  1454 :    256    804    696
  1455 :    918    925    887
  1456 :    915    930    884
  1457 :    912    925    922
  1458 :    883    949    924
  1459 :    916    932     44
  1460 :    912    946    925
  1461 :    929    948    913
  1462 :     45    916     44
  1463 :    924    926    883
  1464 :    881    944    927
  1465 :    927    944    917
  1466 :    925    937    887
  1467 :    884    931    915
  1468 :    906    922    903
  1469 :    912    922    906
  1470 :    893    894    889
  1471 :    894    896    895
  1472 :    897    898    896
  1473 :    913    945    929
  1474 :    924    949    908
  1475 :    887    927    918
  1476 :    894    897    896
  1477 :     46    893    889
  1478 :    898    900    899
  1479 :    939    954    948
  1480 :    901    902    900
  1481 :    893    919    894
  1482 :    903    922    902
  1483 :    894    895    889
  1484 :    898    901    900
  1485 :    948    954    923
  1486 :    931    942    888
  1487 :    900    917    909
  1488 :    895    934    916
  1489 :    915    933    899
  1490 :    888    934    931
  1491 :    898    899    896
  1492 :    901    903    902
  1493 :     49    926    891
  1494 :     46    889     45
  1495 :     47    893     46
  1496 :    899    933    896
  1497 :    902    918    917
  1498 :    925    946    882
  1499 :    908    961    924
  1500 :    905    906    903
  1501 :    902    922    918
  1502 :    897    941    898
  1503 :    900    909    899
  1504 :    911    923    914
  1505 :    910    911    906
  1506 :    947    960    893
  1507 :    922    925    918
  1508 :    920    928    885
  1509 :    905    910    906
  1510 :    902    917    900
  1511 :     47    947    893
  1512 :    890    948    929
  1513 :    913    923    911
  1514 :    910    913    911
  1515 :    889    916     45
  1516 :    911    914    912
  1517 :    934    959    916
  1518 :    918    927    917
  1519 :    885    945    920
  1520 :     52    928    921
  1521 :    904    905    903
  1522 :    931    933    915
  1523 :    911    912    906
  1524 :     42    888     41
  1525 :     49    891     48
  1526 :    919    924    897
  1527 :     51    883     50
  1528 :     54    929    885
  1529 :     51    921    883
  1530 :    914    940    935
  1531 :     52    921     51
  1532 :    882    937    925
  1533 :    896    933    895
  1534 :     54    885     53
  1535 :    917    944    909
  1536 :    890    943    939
  1537 :    894    919    897
  1538 :    916    959    932
  1539 :    930    944    936
  1540 :     56    890     55
  1541 :    901    904    903
  1542 :    909    930    915
  1543 :    907    920    905
  1544 :     40    884     39
  1545 :    909    944    930
  1546 :    905    920    910
  1547 :     37    881     36
  1548 :    935    946    914
  1549 :    904    907    905
  1550 :    913    948    923
  1551 :     48    947      5
  1552 :    926    953    891
  1553 :     50    926     49
  1554 :     55    929     54
  1555 :     53    928     52
  1556 :     28    892     27
  1557 :     33    882     32
  1558 :    929    945    885
  1559 :     35    887     34
  1560 :     30    886     29
  1561 :     57    943     56
  1562 :     44    956      4
  1563 :      4    956     43
  1564 :    933    934    895
  1565 :    890    929     55
  1566 :    949    957    907
  1567 :    939    948    890
  1568 :    920    945    910
  1569 :    909    915    899
  1570 :    888    942     41
  1571 :    901    941    904
  1572 :    893    960    919
  1573 :    931    934    933
  1574 :    895    916    889
  1575 :     43    951     42
  1576 :    885    928     53
  1577 :     32    935     31
  1578 :     41    942     40
  1579 :     29    938     28
  1580 :    898    941    901
  1581 :     31    940     30
  1582 :    930    952    884
  1583 :     38    936     37
  1584 :     34    937     33
  1585 :    924    953    926
  1586 :    932    951     43
  1587 :    938    939    892
  1588 :    904    941    908
  1589 :      5    947     47
  1590 :     28    938    892
  1591 :    904    908    907
  1592 :    886    938     29
  1593 :    914    946    912
  1594 :    882    935     32
  1595 :    923    958    914
  1596 :    897    961    941
  1597 :     30    940    886
  1598 :    883    926     50
  1599 :    939    943    892
  1600 :     33    937    882
  1601 :     56    943    890
  1602 :    884    952     39
  1603 :    887    937     34
  1604 :    887    950    927
  1605 :     37    936    881
  1606 :    908    949    907
  1607 :     57    955    943
  1608 :    924    961    897
  1609 :    928    957    921
  1610 :    881    950     36
  1611 :      3    955     57
  1612 :    910    945    913
  1613 :    884    942    931
  1614 :    935    940     31
  1615 :    921    957    949
  1616 :     27    955      3
  1617 :    920    957    928
  1618 :    927    950    881
  1619 :     40    942    884
  1620 :    936    944    881
  1621 :    907    957    920
  1622 :     35    950    887
  1623 :    936    952    930
  1624 :    921    949    883
  1625 :     39    952     38
  1626 :    891    947     48
  1627 :    891    960    947
  1628 :     36    950     35
  1629 :     43    956    932
  1630 :    943    955    892
  1631 :     38    952    936
  1632 :    882    946    935
  1633 :    953    960    891
  1634 :    932    956     44
  1635 :    938    954    939
  1636 :    892    955     27
  1637 :    888    959    934
  1638 :     42    951    888
  1639 :    919    953    924
  1640 :    914    958    940
  1641 :    919    960    953
  1642 :    886    954    938
  1643 :    886    958    954
  1644 :    954    958    923
  1645 :    940    958    886
  1646 :    941    961    908
  1647 :    951    959    888
  1648 :    932    959    951
  1649 :     62      7     63
  1650 :     63    967     62
  1651 :     58    972      6
  1652 :     65    966      8
  1653 :    968    970    966
  1654 :     62    967     61
  1655 :     66    962     65
  1656 :     61    963     60
  1657 :     64    970     63
  1658 :    966    970     64
  1659 :     61    967    963
  1660 :    965    969    968
  1661 :    968    969    963
  1662 :     59    969    965
  1663 :     63    970    967
  1664 :    965    971     59
  1665 :     60    969     59
  1666 :     66    964    962
  1667 :    964    965    962
  1668 :     59    971     58
  1669 :     67    964     66
  1670 :    962    966     65
  1671 :      6    972     67
  1672 :    965    968    962
  1673 :    963    970    968
  1674 :    962    968    966
  1675 :    967    970    963
  1676 :    964    971    965
  1677 :    963    969     60
  1678 :     67    972    964
  1679 :    964    972    971
  1680 :    971    972     58
  1681 :      8    966     64
Number of domains 20
  Domain :      0 
  Name : Entity 19 
  Number of elements :      3
     0     1     2
  Domain :      1 
  Name : Entity 20 
  Number of elements :      4
     3     4     5     6
  Domain :      2 
  Name : Upper_curvature
  Number of elements :     18
     7     8     9    10    11    12    13    14    15    16
    17    18    19    20    21    22    23    24
  Domain :      3 
  Name : Entity 22 
  Number of elements :      5
    25    26    27    28    29
  Domain :      4 
  Name : Entity 23 
  Number of elements :     11
    30    31    32    33    34    35    36    37    38    39
    40
  Domain :      5 
  Name : Lower_curvature
  Number of elements :      6
    41    42    43    44    45    46
  Domain :      6 
  Name : Entity 25 
  Number of elements :      3
    47    48    49
  Domain :      7 
  Name : Entity 26 
  Number of elements :      4
    50    51    52    53
  Domain :      8 
  Name : Upper_line_black
  Number of elements :      4
    54    55    56    57
  Domain :      9 
  Name : Upper_line_brown
  Number of elements :      7
    58    59    60    61    62    63    64
  Domain :     10 
  Name : Lower_line_purple
  Number of elements :     25
    65    66    67    68    69    70    71    72    73    74
    75    76    77    78    79    80    81    82    83    84
    85    86    87    88    89
  Domain :     11 
  Name : Lower_line_brown
  Number of elements :      6
    90    91    92    93    94    95
  Domain :     12 
  Name : Entity 31 
  Number of elements :      5
    96    97    98    99   100
  Domain :     13 
  Name : Entity 32 
  Number of elements :     11
   101   102   103   104   105   106   107   108   109   110
   111
  Domain :     14 
  Name : Concave_curvature
  Number of elements :     27
   112   113   114   115   116   117   118   119   120   121
   122   123   124   125   126   127   128   129   130   131
   132   133   134   135   136   137   138
  Domain :     15 
  Name : Entity 34 
  Number of elements :     31
   139   140   141   142   143   144   145   146   147   148
   149   150   151   152   153   154   155   156   157   158
   159   160   161   162   163   164   165   166   167   168
   169
  Domain :     16 
  Name : Bottom
  Number of elements :      3
   170   171   172
  Domain :     17 
  Name : Symmetry
  Number of elements :     25
   173   174   175   176   177   178   179   180   181   182
   183   184   185   186   187   188   189   190   191   192
   193   194   195   196   197
  Domain :     18 
  Name : Top
  Number of elements :      4
   198   199   200   201
  Domain :     19 
  Name : Entity 38 
  Number of elements :     10
   202   203   204   205   206   207   208   209   210   211
