Number of nodes 421 
     0 :  0.0000000e+00  0.0000000e+00 
     1 :  1.0000000e+00  0.0000000e+00 
     2 :  1.0000000e+00  2.0000000e+00 
     3 :  0.0000000e+00  2.0000000e+00 
     4 :  7.6923077e-02  0.0000000e+00 
     5 :  1.5384615e-01  0.0000000e+00 
     6 :  2.3076923e-01  0.0000000e+00 
     7 :  3.0769231e-01  0.0000000e+00 
     8 :  3.8461538e-01  0.0000000e+00 
     9 :  4.6153846e-01  0.0000000e+00 
    10 :  5.3846154e-01  0.0000000e+00 
    11 :  6.1538462e-01  0.0000000e+00 
    12 :  6.9230769e-01  0.0000000e+00 
    13 :  7.6923077e-01  0.0000000e+00 
    14 :  8.4615385e-01  0.0000000e+00 
    15 :  9.2307692e-01  0.0000000e+00 
    16 :  1.0000000e+00  8.0000000e-02 
    17 :  1.0000000e+00  1.6000000e-01 
    18 :  1.0000000e+00  2.4000000e-01 
    19 :  1.0000000e+00  3.2000000e-01 
    20 :  1.0000000e+00  4.0000000e-01 
    21 :  1.0000000e+00  4.8000000e-01 
    22 :  1.0000000e+00  5.6000000e-01 
    23 :  1.0000000e+00  6.4000000e-01 
    24 :  1.0000000e+00  7.2000000e-01 
    25 :  1.0000000e+00  8.0000000e-01 
    26 :  1.0000000e+00  8.8000000e-01 
    27 :  1.0000000e+00  9.6000000e-01 
    28 :  1.0000000e+00  1.0400000e+00 
    29 :  1.0000000e+00  1.1200000e+00 
    30 :  1.0000000e+00  1.2000000e+00 
    31 :  1.0000000e+00  1.2800000e+00 
    32 :  1.0000000e+00  1.3600000e+00 
    33 :  1.0000000e+00  1.4400000e+00 
    34 :  1.0000000e+00  1.5200000e+00 
    35 :  1.0000000e+00  1.6000000e+00 
    36 :  1.0000000e+00  1.6800000e+00 
    37 :  1.0000000e+00  1.7600000e+00 
    38 :  1.0000000e+00  1.8400000e+00 
    39 :  1.0000000e+00  1.9200000e+00 
    40 :  9.2307692e-01  2.0000000e+00 
    41 :  8.4615385e-01  2.0000000e+00 
    42 :  7.6923077e-01  2.0000000e+00 
    43 :  6.9230769e-01  2.0000000e+00 
    44 :  6.1538462e-01  2.0000000e+00 
    45 :  5.3846154e-01  2.0000000e+00 
    46 :  4.6153846e-01  2.0000000e+00 
    47 :  3.8461538e-01  2.0000000e+00 
    48 :  3.0769231e-01  2.0000000e+00 
    49 :  2.3076923e-01  2.0000000e+00 
    50 :  1.5384615e-01  2.0000000e+00 
    51 :  7.6923077e-02  2.0000000e+00 
    52 :  0.0000000e+00  1.9200000e+00 
    53 :  0.0000000e+00  1.8400000e+00 
    54 :  0.0000000e+00  1.7600000e+00 
    55 :  0.0000000e+00  1.6800000e+00 
    56 :  0.0000000e+00  1.6000000e+00 
    57 :  0.0000000e+00  1.5200000e+00 
    58 :  0.0000000e+00  1.4400000e+00 
    59 :  0.0000000e+00  1.3600000e+00 
    60 :  0.0000000e+00  1.2800000e+00 
    61 :  0.0000000e+00  1.2000000e+00 
    62 :  0.0000000e+00  1.1200000e+00 
    63 :  0.0000000e+00  1.0400000e+00 
    64 :  0.0000000e+00  9.6000000e-01 
    65 :  0.0000000e+00  8.8000000e-01 
    66 :  0.0000000e+00  8.0000000e-01 
    67 :  0.0000000e+00  7.2000000e-01 
    68 :  0.0000000e+00  6.4000000e-01 
    69 :  0.0000000e+00  5.6000000e-01 
    70 :  0.0000000e+00  4.8000000e-01 
    71 :  0.0000000e+00  4.0000000e-01 
    72 :  0.0000000e+00  3.2000000e-01 
    73 :  0.0000000e+00  2.4000000e-01 
    74 :  0.0000000e+00  1.6000000e-01 
    75 :  0.0000000e+00  8.0000000e-02 
    76 :  5.0756248e-01  1.9352734e+00 
    77 :  5.0000000e-01  6.6617339e-02 
    78 :  9.3003424e-01  1.1594428e+00 
    79 :  6.8759790e-02  5.9867924e-01 
    80 :  6.5435845e-02  9.3031014e-01 
    81 :  7.4745393e-02  1.3846914e+00 
    82 :  9.3071797e-01  7.6000000e-01 
    83 :  9.2844608e-01  1.4787314e+00 
    84 :  7.4173170e-02  1.1693520e+00 
    85 :  9.2949941e-01  5.1923453e-01 
    86 :  6.9727786e-02  1.6259476e+00 
    87 :  6.1893025e-02  3.5685045e-01 
    88 :  9.2813278e-01  1.7191784e+00 
    89 :  9.3088345e-01  2.7970894e-01 
    90 :  2.7003614e-01  1.9369572e+00 
    91 :  2.6923077e-01  6.6617339e-02 
    92 :  7.3249841e-01  1.9390119e+00 
    93 :  7.2897832e-01  6.9603757e-02 
    94 :  9.2890299e-01  1.3188568e+00 
    95 :  9.3040637e-01  9.9960527e-01 
    96 :  6.5620085e-02  7.7037092e-01 
    97 :  6.2455304e-02  1.8046744e+00 
    98 :  6.6651944e-02  2.0555988e-01 
    99 :  9.2800620e-01  1.8855022e+00 
   100 :  9.3272974e-01  1.2336245e-01 
   101 :  1.1656540e-01  1.9398629e+00 
   102 :  1.1979122e-01  8.0540133e-02 
   103 :  9.3126533e-01  2.0050688e-01 
   104 :  8.6201148e-01  2.3972502e-01 
   105 :  8.6177018e-01  3.1912287e-01 
   106 :  7.9322947e-01  2.7911414e-01 
   107 :  7.9276238e-01  3.5817773e-01 
   108 :  7.2452994e-01  3.1807507e-01 
   109 :  7.2399813e-01  3.9728082e-01 
   110 :  6.5580559e-01  3.5713940e-01 
   111 :  6.5528487e-01  4.3638285e-01 
   112 :  5.8690966e-01  3.9636692e-01 
   113 :  5.8646384e-01  4.7562988e-01 
   114 :  5.1799432e-01  4.3552619e-01 
   115 :  5.1755591e-01  5.1487995e-01 
   116 :  5.8605863e-01  5.5499809e-01 
   117 :  5.1703989e-01  5.9433176e-01 
   118 :  5.8568899e-01  6.3448770e-01 
   119 :  5.1651706e-01  6.7390164e-01 
   120 :  5.8527368e-01  7.1412529e-01 
   121 :  5.1601100e-01  7.5359986e-01 
   122 :  5.8484288e-01  7.9387469e-01 
   123 :  5.1552084e-01  8.3336610e-01 
   124 :  5.8441009e-01  8.7367228e-01 
   125 :  5.1503234e-01  9.1319564e-01 
   126 :  5.8396636e-01  9.5353010e-01 
   127 :  5.1455095e-01  9.9306857e-01 
   128 :  5.8351173e-01  1.0334205e+00 
   129 :  5.1410233e-01  1.0729672e+00 
   130 :  5.8305286e-01  1.1133285e+00 
   131 :  5.1367850e-01  1.1529530e+00 
   132 :  5.8259061e-01  1.1932567e+00 
   133 :  5.1319912e-01  1.2328799e+00 
   134 :  5.8210975e-01  1.2731570e+00 
   135 :  5.1267965e-01  1.3126976e+00 
   136 :  5.8161285e-01  1.3530257e+00 
   137 :  5.1230641e-01  1.3925413e+00 
   138 :  5.8113789e-01  1.4328624e+00 
   139 :  5.1191686e-01  1.4723033e+00 
   140 :  5.8056863e-01  1.5124340e+00 
   141 :  5.1148780e-01  1.5518617e+00 
   142 :  4.4912658e-01  4.7474959e-01 
   143 :  4.4529123e-01  1.0326991e+00 
   144 :  4.4302846e-01  1.5117272e+00 
   145 :  4.4396535e-01  1.2725516e+00 
   146 :  4.4273085e-01  1.5910145e+00 
   147 :  4.4723426e-01  7.1329218e-01 
   148 :  4.4957017e-01  3.9544941e-01 
   149 :  5.8007800e-01  1.5917947e+00 
   150 :  4.4613547e-01  8.7284355e-01 
   151 :  3.7416737e-01  1.5511867e+00 
   152 :  3.7391319e-01  1.6302804e+00 
   153 :  3.8067064e-01  4.3456131e-01 
   154 :  3.8130541e-01  3.5536649e-01 
   155 :  6.4896063e-01  1.5526123e+00 
   156 :  6.4834083e-01  1.6318730e+00 
   157 :  6.5335368e-01  9.1397517e-01 
   158 :  6.5377233e-01  6.7460199e-01 
   159 :  6.5034977e-01  1.3934142e+00 
   160 :  6.5145684e-01  1.2336513e+00 
   161 :  6.5248888e-01  1.0737661e+00 
   162 :  5.7961476e-01  1.6708817e+00 
   163 :  5.8740603e-01  3.1685253e-01 
   164 :  7.1713085e-01  1.5927575e+00 
   165 :  7.1663515e-01  1.6718422e+00 
   166 :  3.7445216e-01  1.4717564e+00 
   167 :  3.0553636e-01  1.5113370e+00 
   168 :  3.0582201e-01  1.4317992e+00 
   169 :  3.8011182e-01  5.1396167e-01 
   170 :  3.1154295e-01  4.7366350e-01 
   171 :  3.1093358e-01  5.5320320e-01 
   172 :  7.2337721e-01  4.7632750e-01 
   173 :  2.4235789e-01  5.1287792e-01 
   174 :  2.4169097e-01  5.9252689e-01 
   175 :  2.4299420e-01  4.3328685e-01 
   176 :  2.3314229e-01  1.4713515e+00 
   177 :  2.3276893e-01  1.3917154e+00 
   178 :  2.3596951e-01  1.5509378e+00 
   179 :  7.2517340e-01  2.3896910e-01 
   180 :  7.8675241e-01  1.6339983e+00 
   181 :  7.8595883e-01  1.7137252e+00 
   182 :  7.1639092e-01  1.7510689e+00 
   183 :  7.8391630e-01  1.7910230e+00 
   184 :  1.7376103e-01  4.7250071e-01 
   185 :  7.8621646e-01  1.5538252e+00 
   186 :  4.4221174e-01  1.6699764e+00 
   187 :  3.7377451e-01  1.7090608e+00 
   188 :  4.4156616e-01  1.7485831e+00 
   189 :  3.7340070e-01  1.7875276e+00 
   190 :  3.0537881e-01  1.7483971e+00 
   191 :  4.4990175e-01  3.1634101e-01 
   192 :  3.8205400e-01  2.7654312e-01 
   193 :  4.5025825e-01  2.3766667e-01 
   194 :  3.8252368e-01  1.9797991e-01 
   195 :  3.1358580e-01  2.3624271e-01 
   196 :  1.6537275e-01  1.5113005e+00 
   197 :  3.1031236e-01  6.3282383e-01 
   198 :  2.4106689e-01  6.7224981e-01 
   199 :  3.0535219e-01  1.3521459e+00 
   200 :  2.3648620e-01  1.3120111e+00 
   201 :  3.0972352e-01  7.1255267e-01 
   202 :  2.4043690e-01  7.5206157e-01 
   203 :  3.0914069e-01  7.9235124e-01 
   204 :  2.3979395e-01  8.3190060e-01 
   205 :  3.0855663e-01  8.7219750e-01 
   206 :  2.3917288e-01  9.1178771e-01 
   207 :  3.0797772e-01  9.5208362e-01 
   208 :  2.3856774e-01  9.9170331e-01 
   209 :  3.0736118e-01  1.0320925e+00 
   210 :  2.4252133e-01  1.0716834e+00 
   211 :  3.0756688e-01  1.1121405e+00 
   212 :  1.8290007e-01  1.0303686e+00 
   213 :  2.4317022e-01  1.1520696e+00 
   214 :  3.0769932e-01  1.1922708e+00 
   215 :  8.5792343e-01  1.5970785e+00 
   216 :  8.6103971e-01  3.9855885e-01 
   217 :  3.7592781e-01  1.1524858e+00 
   218 :  4.4510080e-01  1.8226740e+00 
   219 :  5.1193211e-01  1.7868844e+00 
   220 :  3.8005244e-01  1.8683037e+00 
   221 :  1.7837992e-01  3.9295945e-01 
   222 :  2.4443043e-01  3.5392550e-01 
   223 :  1.7995001e-01  3.1358131e-01 
   224 :  1.7160072e-01  7.1160985e-01 
   225 :  1.7030398e-01  8.7133759e-01 
   226 :  1.5495408e-01  1.6027833e+00 
   227 :  2.3427631e-01  1.6323464e+00 
   228 :  1.8073621e-01  1.6748623e+00 
   229 :  1.6501345e-01  1.3512380e+00 
   230 :  1.6788414e-01  1.2720990e+00 
   231 :  7.1342656e-01  1.8256023e+00 
   232 :  6.4770533e-01  1.7890594e+00 
   233 :  6.4607763e-01  1.8622546e+00 
   234 :  4.5555092e-01  1.4500169e-01 
   235 :  5.2005890e-01  1.9761492e-01 
   236 :  3.8414976e-01  1.2553453e-01 
   237 :  9.8801514e-02  1.5506074e+00 
   238 :  9.8605657e-02  1.3001148e+00 
   239 :  7.7549483e-01  1.8744122e+00 
   240 :  8.5145639e-01  1.8306483e+00 
   241 :  8.5043606e-01  1.9116939e+00 
   242 :  1.4582954e-01  1.4312837e+00 
   243 :  5.8011728e-01  1.8284665e+00 
   244 :  5.7984252e-01  1.8979871e+00 
   245 :  8.5693786e-01  1.5164640e+00 
   246 :  7.8697412e-01  1.4745793e+00 
   247 :  8.5671848e-01  1.4360818e+00 
   248 :  7.8686062e-01  1.3945581e+00 
   249 :  8.5736110e-01  1.3565912e+00 
   250 :  7.8731978e-01  1.3147683e+00 
   251 :  8.5753027e-01  1.2763305e+00 
   252 :  7.8779618e-01  1.2348983e+00 
   253 :  9.2637803e-01  1.7983743e+00 
   254 :  8.5801557e-01  1.1964301e+00 
   255 :  7.8828403e-01  1.1549752e+00 
   256 :  8.5830452e-01  1.1161815e+00 
   257 :  7.8878353e-01  1.0750199e+00 
   258 :  1.1551185e-01  4.2112928e-01 
   259 :  1.0708916e-01  5.1370599e-01 
   260 :  5.7984709e-01  1.7496207e+00 
   261 :  2.4541401e-01  2.7479659e-01 
   262 :  1.7955889e-01  2.3812182e-01 
   263 :  2.4479199e-01  1.9833648e-01 
   264 :  1.7696108e-01  1.5548794e-01 
   265 :  1.0982005e-01  2.7688365e-01 
   266 :  3.1052337e-01  1.4508340e-01 
   267 :  8.6252884e-01  1.6098531e-01 
   268 :  8.7169152e-01  7.4383546e-02 
   269 :  7.9734883e-01  1.2028141e-01 
   270 :  7.9435080e-01  1.9986468e-01 
   271 :  7.2662659e-01  1.5813853e-01 
   272 :  6.5848191e-01  1.1682613e-01 
   273 :  6.5794903e-01  1.9669859e-01 
   274 :  5.9184774e-01  1.5178594e-01 
   275 :  6.5666331e-01  2.7747986e-01 
   276 :  5.8911590e-01  2.3714448e-01 
   277 :  5.1826281e-01  3.5622740e-01 
   278 :  2.3827130e-01  1.7105551e+00 
   279 :  1.6112940e-01  1.7416308e+00 
   280 :  2.3565925e-01  1.7881125e+00 
   281 :  1.7063126e-01  1.8190359e+00 
   282 :  3.0629750e-01  1.8241907e+00 
   283 :  8.5874259e-01  1.0362042e+00 
   284 :  7.8929272e-01  9.9505787e-01 
   285 :  8.5911952e-01  9.5602616e-01 
   286 :  7.8990270e-01  9.1509651e-01 
   287 :  8.5965221e-01  8.7614186e-01 
   288 :  7.9001690e-01  8.3589656e-01 
   289 :  6.9140386e-02  1.7202453e+00 
   290 :  9.2831061e-01  1.3988406e+00 
   291 :  5.1138449e-01  1.6309924e+00 
   292 :  5.8591389e-01  7.3613906e-02 
   293 :  3.0666021e-01  1.2723836e+00 
   294 :  9.3037371e-01  1.6399549e+00 
   295 :  8.5663567e-01  1.6764753e+00 
   296 :  9.2894685e-01  1.5587048e+00 
   297 :  9.3048029e-01  3.5946040e-01 
   298 :  9.2983739e-01  4.3924075e-01 
   299 :  8.6060673e-01  4.7812174e-01 
   300 :  8.5961305e-01  5.5805129e-01 
   301 :  9.2875191e-01  5.9963088e-01 
   302 :  8.5890451e-01  6.3806980e-01 
   303 :  7.9017776e-01  5.9656505e-01 
   304 :  7.8864622e-01  6.7633045e-01 
   305 :  8.5709976e-01  7.1784873e-01 
   306 :  9.2924569e-01  6.7925824e-01 
   307 :  5.1882350e-01  2.7697255e-01 
   308 :  3.1241033e-01  3.9435359e-01 
   309 :  9.3040136e-01  9.1956821e-01 
   310 :  5.0978063e-01  1.7097764e+00 
   311 :  9.2881522e-01  1.2392398e+00 
   312 :  3.0494644e-01  1.5909601e+00 
   313 :  6.4965463e-01  1.4731401e+00 
   314 :  3.1320000e-01  3.1520467e-01 
   315 :  4.4362019e-01  1.3524713e+00 
   316 :  9.2954214e-01  1.0792716e+00 
   317 :  6.5077803e-01  1.3136169e+00 
   318 :  6.5165049e-01  1.1537746e+00 
   319 :  6.4275466e-02  8.5377911e-01 
   320 :  6.4256726e-02  1.0110892e+00 
   321 :  6.6820837e-02  1.0876282e+00 
   322 :  1.2598850e-01  1.1252914e+00 
   323 :  6.5016386e-02  6.9193167e-01 
   324 :  6.5332109e-01  8.3459686e-01 
   325 :  6.5293641e-01  9.9387072e-01 
   326 :  4.4785215e-01  6.3364241e-01 
   327 :  4.4572718e-01  9.5272301e-01 
   328 :  1.7258076e-01  9.5123997e-01 
   329 :  6.5420038e-01  5.9498268e-01 
   330 :  4.4666985e-01  7.9306776e-01 
   331 :  1.7227692e-01  6.3182316e-01 
   332 :  6.5325546e-01  7.5485871e-01 
   333 :  1.7098275e-01  7.9145613e-01 
   334 :  6.4836705e-01  1.7108399e+00 
   335 :  9.3054821e-01  8.3935703e-01 
   336 :  4.4852168e-01  5.5414660e-01 
   337 :  3.0509343e-01  1.6702666e+00 
   338 :  4.4333008e-01  1.4321932e+00 
   339 :  1.7758228e-01  5.5249150e-01 
   340 :  4.4489421e-01  1.1127786e+00 
   341 :  4.2311788e-01  1.9373012e+00 
   342 :  1.9322261e-01  1.9381731e+00 
   343 :  1.9827475e-01  7.1710396e-02 
   344 :  7.1785558e-01  1.5135647e+00 
   345 :  2.3851740e-01  1.2322742e+00 
   346 :  6.5471923e-01  5.1559462e-01 
   347 :  3.7943654e-01  5.9345998e-01 
   348 :  3.7883942e-01  6.7305035e-01 
   349 :  3.7456571e-01  1.3921622e+00 
   350 :  7.8886558e-01  7.5625955e-01 
   351 :  4.4450552e-01  1.1926119e+00 
   352 :  3.7629627e-01  1.0724034e+00 
   353 :  7.9215523e-01  4.3747548e-01 
   354 :  3.7827216e-01  7.5277115e-01 
   355 :  3.7771414e-01  8.3256590e-01 
   356 :  3.7718111e-01  9.1240870e-01 
   357 :  3.7663912e-01  9.9240172e-01 
   358 :  3.7559597e-01  1.2324852e+00 
   359 :  3.7485467e-01  1.3125446e+00 
   360 :  7.2259729e-01  5.5579479e-01 
   361 :  7.1852982e-01  1.4340282e+00 
   362 :  7.2155663e-01  8.7518906e-01 
   363 :  7.1897711e-01  1.3542219e+00 
   364 :  1.6363979e-01  1.1850116e+00 
   365 :  7.2126538e-01  9.5435314e-01 
   366 :  7.9142121e-01  5.1705598e-01 
   367 :  7.1943512e-01  1.2743220e+00 
   368 :  7.2080484e-01  1.0342841e+00 
   369 :  8.5948344e-01  7.9758396e-01 
   370 :  7.2034247e-01  1.1143902e+00 
   371 :  7.1982752e-01  1.1943353e+00 
   372 :  1.0930694e-01  1.2333155e+00 
   373 :  7.5214195e-02  1.4854119e+00 
   374 :  7.2170398e-01  6.3548963e-01 
   375 :  2.3421043e-01  1.8665598e+00 
   376 :  3.4575589e-01  1.9383376e+00 
   377 :  7.2128940e-01  7.1580516e-01 
   378 :  7.2141522e-01  7.9596469e-01 
   379 :  8.5541300e-01  1.7549041e+00 
   380 :  7.1694177e-02  1.8826323e+00 
   381 :  5.9705401e-02  1.2388717e-01 
   382 :  5.1420272e-01  1.8603562e+00 
   383 :  4.2306801e-01  6.5862740e-02 
   384 :  6.4925432e-01  1.9349824e+00 
   385 :  3.4477087e-01  6.6060955e-02 
   386 :  5.2632895e-01  1.3033324e-01 
   387 :  2.3905004e-01  1.2761696e-01 
   388 :  8.0238698e-01  5.3855044e-02 
   389 :  7.9476278e-01  1.9450236e+00 
   390 :  9.0427040e-01  1.9452095e+00 
   391 :  6.5553696e-01  5.0976564e-02 
   392 :  9.4172005e-01  5.9056165e-02 
   393 :  3.0902118e-01  1.8874635e+00 
   394 :  4.5878466e-01  1.8846731e+00 
   395 :  1.0921683e-01  1.5634731e-01 
   396 :  1.5241766e-01  1.8849734e+00 
   397 :  5.4766214e-02  1.9452384e+00 
   398 :  5.2562244e-02  5.6812820e-02 
   399 :  4.6328169e-02  2.8000000e-01 
   400 :  1.2929869e-01  3.5269264e-01 
   401 :  5.2151194e-02  4.4615306e-01 
   402 :  4.4891771e-02  5.2000000e-01 
   403 :  1.3074127e-01  5.9360880e-01 
   404 :  1.2268589e-01  6.6314142e-01 
   405 :  1.2510974e-01  7.4830250e-01 
   406 :  1.2493592e-01  8.2860211e-01 
   407 :  1.2716067e-01  9.1096389e-01 
   408 :  7.0174627e-01  1.8845725e+00 
   409 :  1.2580252e-01  9.8889785e-01 
   410 :  1.1826889e-01  1.7866359e+00 
   411 :  4.8228368e-02  1.2453386e+00 
   412 :  1.1910786e-01  1.6765725e+00 
   413 :  1.8792680e-01  1.1080818e+00 
   414 :  4.1823749e-02  1.3200000e+00 
   415 :  4.3571943e-02  1.5590612e+00 
   416 :  1.1509346e-01  1.8355904e+00 
   417 :  9.5406149e-01  1.9529588e+00 
   418 :  1.2844176e-01  2.0648012e-01 
   419 :  5.7752411e-01  1.9572741e+00 
   420 :  1.2513545e-01  1.0604944e+00 
Number of edges 76 
     0 :      0      4 
     1 :      4      5 
     2 :      5      6 
     3 :      6      7 
     4 :      7      8 
     5 :      8      9 
     6 :      9     10 
     7 :     10     11 
     8 :     11     12 
     9 :     12     13 
    10 :     13     14 
    11 :     14     15 
    12 :     15      1 
    13 :      1     16 
    14 :     16     17 
    15 :     17     18 
    16 :     18     19 
    17 :     19     20 
    18 :     20     21 
    19 :     21     22 
    20 :     22     23 
    21 :     23     24 
    22 :     24     25 
    23 :     25     26 
    24 :     26     27 
    25 :     27     28 
    26 :     28     29 
    27 :     29     30 
    28 :     30     31 
    29 :     31     32 
    30 :     32     33 
    31 :     33     34 
    32 :     34     35 
    33 :     35     36 
    34 :     36     37 
    35 :     37     38 
    36 :     38     39 
    37 :     39      2 
    38 :      2     40 
    39 :     40     41 
    40 :     41     42 
    41 :     42     43 
    42 :     43     44 
    43 :     44     45 
    44 :     45     46 
    45 :     46     47 
    46 :     47     48 
    47 :     48     49 
    48 :     49     50 
    49 :     50     51 
    50 :     51      3 
    51 :      3     52 
    52 :     52     53 
    53 :     53     54 
    54 :     54     55 
    55 :     55     56 
    56 :     56     57 
    57 :     57     58 
    58 :     58     59 
    59 :     59     60 
    60 :     60     61 
    61 :     61     62 
    62 :     62     63 
    63 :     63     64 
    64 :     64     65 
    65 :     65     66 
    66 :     66     67 
    67 :     67     68 
    68 :     68     69 
    69 :     69     70 
    70 :     70     71 
    71 :     71     72 
    72 :     72     73 
    73 :     73     74 
    74 :     74     75 
    75 :     75      0 
Number of triangles 764 
     0 :    226    412     86
     1 :     86    237    226
     2 :    102    343    264
     3 :    234    383     77
     4 :     81    238    229
     5 :    229    242     81
     6 :    264    395    102
     7 :     91    385    266
     8 :    196    373    242
     9 :    176    242    177
    10 :    228    412    226
    11 :     77    386    234
    12 :     15    268     14
    13 :    322    364     84
    14 :    364    372     84
    15 :    237    373    196
    16 :     10    292     77
    17 :    266    387     91
    18 :     15    392    268
    19 :    279    410    289
    20 :    289    412    279
    21 :    196    242    176
    22 :    177    242    229
    23 :    271    272     93
    24 :    236    383    234
    25 :    266    385    236
    26 :    269    271     93
    27 :     99    241    240
    28 :    292    386     77
    29 :    274    276    235
    30 :    240    253     99
    31 :    273    274    272
    32 :    215    295    180
    33 :     11    292     10
    34 :    294    295    215
    35 :    253    379     88
    36 :    271    273    272
    37 :    180    295    181
    38 :    241    390     41
    39 :    242    373     81
    40 :    383    385      8
    41 :    215    296    294
    42 :    245    247     83
    43 :    273    276    274
    44 :     87    399    265
    45 :    265    400     87
    46 :     79    402    259
    47 :     38    253     37
    48 :     83    296    245
    49 :    259    403     79
    50 :    102    395    381
    51 :    249    251     94
    52 :    305    306     82
    53 :    247    290     83
    54 :     86    415    237
    55 :     41    389    241
    56 :     94    290    249
    57 :    240    379    253
    58 :    254    256     78
    59 :    302    306    305
    60 :    251    311     94
    61 :    343    387    264
    62 :     35    296     34
    63 :     81    414    238
    64 :    163    307    276
    65 :    219    260    243
    66 :     99    253     38
    67 :    245    296    215
    68 :    219    310    260
    69 :     88    379    295
    70 :     37    253     88
    71 :    220    394    341
    72 :     78    311    254
    73 :    256    316     78
    74 :    260    310    162
    75 :    276    307    235
    76 :     33    290     32
    77 :    283    285     95
    78 :    350    369    288
    79 :     76    382    244
    80 :    249    290    247
    81 :    285    309     95
    82 :     95    316    283
    83 :    341    376    220
    84 :    259    401    258
    85 :     85    300    299
    86 :     23    301     22
    87 :    259    402    401
    88 :    254    311    251
    89 :    287    309    285
    90 :    283    316    256
    91 :     82    369    305
    92 :    301    306    302
    93 :     34    296     83
    94 :    294    296     35
    95 :     85    299    298
    96 :    305    369    350
    97 :    287    335    309
    98 :     31    311     30
    99 :    261    263    195
   100 :    263    266    195
   101 :    274    292    272
   102 :    190    280    278
   103 :    274    386    292
   104 :    236    385    383
   105 :     83    290     33
   106 :     32    290     94
   107 :    190    282    280
   108 :    277    307    163
   109 :     21    298     20
   110 :     85    298     21
   111 :    403    404     79
   112 :     79    404    323
   113 :    163    276    275
   114 :    194    266    236
   115 :     23    306    301
   116 :    163    275    110
   117 :     22    301     85
   118 :    195    314    261
   119 :    261    314    222
   120 :    227    337    278
   121 :     94    311     31
   122 :    404    405    323
   123 :     29    316     28
   124 :    267    268    100
   125 :    323    405     96
   126 :     30    311     78
   127 :    162    334    260
   128 :    195    266    194
   129 :    220    282    189
   130 :    278    337    190
   131 :    110    275    108
   132 :    146    291    186
   133 :    270    271    269
   134 :    162    310    291
   135 :    267    270    269
   136 :     89    104    103
   137 :    303    366    300
   138 :    112    277    163
   139 :    335    369     82
   140 :    103    267    100
   141 :    405    406     96
   142 :    179    271    270
   143 :     89    103     18
   144 :    287    369    335
   145 :     96    406    319
   146 :    179    273    271
   147 :    189    282    190
   148 :    267    269    268
   149 :    156    334    162
   150 :    104    270    267
   151 :     20    298    297
   152 :    141    291    146
   153 :     86    289     55
   154 :    104    267    103
   155 :     28    316     95
   156 :     78    316     29
   157 :     89    297    105
   158 :    377    378    332
   159 :    282    375    280
   160 :    105    297    216
   161 :    295    379    181
   162 :    114    277    112
   163 :    406    407    319
   164 :    291    310    186
   165 :     85    301    300
   166 :    183    231    182
   167 :     39     99     38
   168 :     17    100     16
   169 :     17    103    100
   170 :    262    264    263
   171 :    319    407     80
   172 :    152    312    151
   173 :    153    308    154
   174 :    262    263    261
   175 :    194    236    234
   176 :    194    234    193
   177 :    280    281    279
   178 :    192    194    193
   179 :    231    233    232
   180 :    192    193    191
   181 :    300    366    299
   182 :    151    312    167
   183 :    278    280    279
   184 :    188    218    189
   185 :    218    220    189
   186 :    140    141    139
   187 :    154    192    191
   188 :     54    289     97
   189 :    188    189    187
   190 :    170    308    153
   191 :    186    188    187
   192 :    108    275    179
   193 :    105    106    104
   194 :    233    244    243
   195 :     54     97     53
   196 :     74     98     73
   197 :    154    191    148
   198 :    108    179    106
   199 :    156    162    149
   200 :    181    182    165
   201 :    214    345    213
   202 :     89    105    104
   203 :    140    149    141
   204 :    146    186    152
   205 :    183    239    231
   206 :    186    187    152
   207 :     88    295    294
   208 :    231    232    182
   209 :    227    278    228
   210 :    223    261    222
   211 :    179    270    106
   212 :    181    183    182
   213 :    191    307    277
   214 :    342    375     90
   215 :    232    334    182
   216 :    149    291    141
   217 :    106    270    104
   218 :    141    146    144
   219 :    222    314    308
   220 :    140    313    155
   221 :    221    222    175
   222 :    155    156    149
   223 :    138    140    139
   224 :    312    337    227
   225 :    178    227    226
   226 :     37     88     36
   227 :     19     89     18
   228 :    260    334    232
   229 :    138    139    137
   230 :    148    277    114
   231 :    223    262    261
   232 :    407    409     80
   233 :    233    243    232
   234 :     88    294     36
   235 :    153    154    148
   236 :    112    163    110
   237 :     56     86     55
   238 :     72     87     71
   239 :    138    313    140
   240 :    221    223    222
   241 :    141    144    139
   242 :     95    309     27
   243 :     27    309     26
   244 :     80    409    320
   245 :     18    103     17
   246 :     24    306     23
   247 :     82    306     24
   248 :    162    291    149
   249 :    227    228    226
   250 :    146    152    151
   251 :    131    351    340
   252 :    278    279    228
   253 :     19    297     89
   254 :    234    235    193
   255 :    142    148    114
   256 :    222    308    175
   257 :     55    289     54
   258 :     22     85     21
   259 :    175    308    170
   260 :    191    277    148
   261 :     34     83     33
   262 :    188    219    218
   263 :    167    312    178
   264 :    107    108    106
   265 :    164    165    156
   266 :    240    241    239
   267 :    297    298    216
   268 :    238    414    411
   269 :    188    310    219
   270 :    105    107    106
   271 :    144    338    139
   272 :    145    359    358
   273 :    178    312    227
   274 :    301    302    300
   275 :    186    310    188
   276 :    209    357    352
   277 :     36    294     35
   278 :    302    303    300
   279 :    293    345    214
   280 :    109    110    108
   281 :    155    164    156
   282 :     32     94     31
   283 :    140    155    149
   284 :    214    358    293
   285 :    136    138    137
   286 :     20    297     19
   287 :    136    137    135
   288 :    298    299    216
   289 :    134    136    135
   290 :    166    338    144
   291 :    134    135    133
   292 :    184    221    175
   293 :    165    334    156
   294 :    211    214    213
   295 :    286    288    287
   296 :    142    153    148
   297 :    352    357    143
   298 :    137    315    135
   299 :    132    134    133
   300 :    135    315    145
   301 :    321    322     84
   302 :    275    276    273
   303 :    211    213    210
   304 :    136    159    138
   305 :    284    286    285
   306 :    173    175    170
   307 :    135    145    133
   308 :    132    133    131
   309 :    136    317    159
   310 :    211    217    214
   311 :    167    178    176
   312 :    257    284    283
   313 :    134    317    136
   314 :     64    320     63
   315 :     80    320     64
   316 :     62    321     84
   317 :    320    321     63
   318 :    130    132    131
   319 :    125    327    150
   320 :    132    160    134
   321 :    209    211    210
   322 :    130    318    132
   323 :     63    321     62
   324 :    160    317    134
   325 :    284    285    283
   326 :     62     84     61
   327 :     65    319     80
   328 :     67    323     96
   329 :     65     80     64
   330 :     66    319     65
   331 :     67     96     66
   332 :     28     95     27
   333 :     59     81     58
   334 :     96    319     66
   335 :     68    323     67
   336 :     69     79     68
   337 :     25     82     24
   338 :     79    323     68
   339 :     30     78     29
   340 :    159    313    138
   341 :    218    394    220
   342 :    178    226    196
   343 :    302    304    303
   344 :    132    318    160
   345 :    182    334    165
   346 :    286    287    285
   347 :    146    151    144
   348 :    192    195    194
   349 :    130    131    129
   350 :    255    257    256
   351 :    126    325    128
   352 :    180    181    165
   353 :    128    130    129
   354 :    157    325    126
   355 :    161    318    130
   356 :    128    161    130
   357 :    207    209    208
   358 :     41    390     40
   359 :    127    327    125
   360 :    257    283    256
   361 :    209    210    208
   362 :    125    150    123
   363 :    121    330    147
   364 :    210    212    208
   365 :    129    143    127
   366 :    119    326    117
   367 :    123    330    121
   368 :    128    129    127
   369 :    208    328    206
   370 :    205    207    206
   371 :    154    314    192
   372 :    124    157    126
   373 :    207    208    206
   374 :    206    328    225
   375 :    203    205    204
   376 :    126    128    127
   377 :    128    325    161
   378 :    206    225    204
   379 :    122    324    124
   380 :    179    275    273
   381 :    205    206    204
   382 :    255    256    254
   383 :    212    328    208
   384 :    143    327    127
   385 :    107    109    108
   386 :    252    255    254
   387 :    124    324    157
   388 :    126    127    125
   389 :    201    203    202
   390 :    189    190    187
   391 :     25    335     82
   392 :    124    126    125
   393 :    203    204    202
   394 :    150    330    123
   395 :    121    147    119
   396 :    124    125    123
   397 :    147    326    119
   398 :    309    335     26
   399 :    250    252    251
   400 :    122    124    123
   401 :    252    254    251
   402 :    118    158    120
   403 :    202    224    198
   404 :    197    201    198
   405 :    122    123    121
   406 :    201    202    198
   407 :    173    184    175
   408 :    184    258    221
   409 :    340    351    217
   410 :    225    333    204
   411 :    200    293    199
   412 :    229    238    230
   413 :    198    331    174
   414 :    120    122    121
   415 :    116    329    118
   416 :    302    305    304
   417 :    122    332    324
   418 :    204    333    202
   419 :    250    251    249
   420 :    358    359    293
   421 :    137    338    315
   422 :    111    112    110
   423 :    120    121    119
   424 :    171    197    174
   425 :    158    332    120
   426 :    202    333    224
   427 :    229    230    200
   428 :    193    307    191
   429 :    118    329    158
   430 :    129    340    143
   431 :    248    250    249
   432 :    115    142    114
   433 :    120    332    122
   434 :    178    196    176
   435 :    177    229    200
   436 :    139    338    137
   437 :    197    198    174
   438 :    226    237    196
   439 :    224    331    198
   440 :    113    114    112
   441 :    109    111    110
   442 :    118    120    119
   443 :    169    170    153
   444 :     26    335     25
   445 :    177    200    199
   446 :    152    337    312
   447 :    223    265    262
   448 :    171    173    170
   449 :    192    314    195
   450 :    248    249    247
   451 :    308    314    154
   452 :    118    119    117
   453 :    177    199    168
   454 :    113    115    114
   455 :    171    174    173
   456 :    164    180    165
   457 :    326    336    117
   458 :    113    116    115
   459 :    167    176    168
   460 :    243    260    232
   461 :    116    118    117
   462 :    187    337    152
   463 :    151    167    166
   464 :    169    171    170
   465 :    184    259    258
   466 :    246    248    247
   467 :    116    117    115
   468 :    185    246    245
   469 :    176    177    168
   470 :    131    340    129
   471 :    111    113    112
   472 :    142    169    153
   473 :    331    339    174
   474 :    105    216    107
   475 :    115    336    142
   476 :    238    411    372
   477 :    200    345    293
   478 :    173    339    184
   479 :    345    364    213
   480 :    174    339    173
   481 :    142    336    169
   482 :    109    172    111
   483 :    167    168    166
   484 :    117    336    115
   485 :    185    245    215
   486 :    246    247    245
   487 :    111    346    113
   488 :    164    185    180
   489 :    184    339    259
   490 :    211    352    217
   491 :    235    307    193
   492 :    340    352    143
   493 :    133    351    131
   494 :    151    166    144
   495 :    172    346    111
   496 :     47    341     46
   497 :    116    346    329
   498 :    183    240    239
   499 :     10     77      9
   500 :     46     76     45
   501 :    185    215    180
   502 :    336    347    169
   503 :    171    347    197
   504 :    313    344    155
   505 :    230    345    200
   506 :    326    347    336
   507 :    207    357    209
   508 :      7     91      6
   509 :     49     90     48
   510 :    217    352    340
   511 :    338    349    315
   512 :    205    356    207
   513 :    219    382    218
   514 :    166    349    338
   515 :    356    357    207
   516 :    201    354    203
   517 :    288    369    287
   518 :    197    348    201
   519 :    113    346    116
   520 :    168    349    166
   521 :    203    355    205
   522 :    347    348    197
   523 :    169    347    171
   524 :    355    356    205
   525 :     43     92     42
   526 :     13     93     12
   527 :    354    355    203
   528 :    155    344    164
   529 :    217    358    214
   530 :    190    337    187
   531 :      6    343      5
   532 :     50    342     49
   533 :    164    344    185
   534 :    185    344    246
   535 :    348    354    201
   536 :    315    359    145
   537 :    326    348    347
   538 :    109    353    172
   539 :    209    352    211
   540 :      5    102      4
   541 :     51    101     50
   542 :    344    361    246
   543 :    305    350    304
   544 :    145    351    133
   545 :    147    348    326
   546 :     46    341     76
   547 :    299    353    216
   548 :    233    384    244
   549 :    216    353    107
   550 :    107    353    109
   551 :    199    349    168
   552 :    330    354    147
   553 :    147    354    348
   554 :    313    361    344
   555 :    349    359    315
   556 :    330    355    354
   557 :    327    356    150
   558 :    150    355    330
   559 :    150    356    355
   560 :    327    357    356
   561 :    143    357    327
   562 :    370    371    318
   563 :    199    359    349
   564 :    255    371    370
   565 :    159    361    313
   566 :     91    343      6
   567 :     49    342     90
   568 :    353    366    172
   569 :    360    366    303
   570 :    159    363    361
   571 :    293    359    199
   572 :     58    373     57
   573 :    286    362    288
   574 :    145    358    351
   575 :    317    363    159
   576 :    351    358    217
   577 :    346    360    329
   578 :      5    343    102
   579 :    101    342     50
   580 :    284    365    286
   581 :    172    360    346
   582 :    160    367    317
   583 :    317    367    363
   584 :    246    361    248
   585 :    286    365    362
   586 :    257    368    284
   587 :    318    371    160
   588 :    160    371    367
   589 :    284    368    365
   590 :    255    370    257
   591 :    257    370    368
   592 :    361    363    248
   593 :    299    366    353
   594 :    324    362    157
   595 :    362    365    157
   596 :    248    363    250
   597 :    350    378    377
   598 :    157    365    325
   599 :    363    367    250
   600 :    365    368    325
   601 :    250    367    252
   602 :    230    372    364
   603 :    279    412    228
   604 :    325    368    161
   605 :    367    371    252
   606 :    368    370    161
   607 :    161    370    318
   608 :    230    364    345
   609 :    252    371    255
   610 :    235    386    274
   611 :    238    372    230
   612 :    360    374    329
   613 :    303    374    360
   614 :    244    382    243
   615 :    380    396    101
   616 :    332    378    324
   617 :    172    366    360
   618 :     47    376    341
   619 :     90    376     48
   620 :     75    381     74
   621 :     53    380     52
   622 :    289    410     97
   623 :    329    374    158
   624 :     81    373     58
   625 :    280    375    281
   626 :    304    374    303
   627 :    181    379    183
   628 :    374    377    158
   629 :    244    419     76
   630 :    304    377    374
   631 :     48    376     47
   632 :    234    386    235
   633 :    243    382    219
   634 :    158    377    332
   635 :    288    378    350
   636 :     92    408    239
   637 :    380    416    396
   638 :    362    378    288
   639 :    350    377    304
   640 :      9    383      8
   641 :    263    387    266
   642 :    342    396    375
   643 :      8    385      7
   644 :     43    384     92
   645 :    272    391     93
   646 :    413    420    212
   647 :     16    392      1
   648 :    324    378    362
   649 :      1    392     15
   650 :    183    379    240
   651 :     74    381     98
   652 :     97    380     53
   653 :    265    399     98
   654 :    268    392    100
   655 :     39    417     99
   656 :    373    415     57
   657 :     93    388    269
   658 :    364    413    213
   659 :    375    396    281
   660 :    268    388     14
   661 :    384    419    244
   662 :    258    401     87
   663 :    239    389     92
   664 :    239    408    231
   665 :     42    389     41
   666 :    322    413    364
   667 :     98    399     73
   668 :    237    415    373
   669 :     87    400    258
   670 :     72    399     87
   671 :     91    387    343
   672 :     56    415     86
   673 :     87    401     71
   674 :     44    384     43
   675 :    320    420    321
   676 :     77    383      9
   677 :    258    400    221
   678 :     59    414     81
   679 :     69    402     79
   680 :     84    411     61
   681 :    210    413    212
   682 :    282    393    375
   683 :     93    391     12
   684 :    223    400    265
   685 :     76    419     45
   686 :     52    397      3
   687 :      0    398     75
   688 :    339    403    259
   689 :    372    411     84
   690 :      7    385     91
   691 :      3    397     51
   692 :      4    398      0
   693 :     99    417    390
   694 :     99    390    241
   695 :    409    420    320
   696 :    262    418    264
   697 :    375    393     90
   698 :     14    388     13
   699 :    322    420    413
   700 :    241    389    239
   701 :     13    388     93
   702 :    264    387    263
   703 :     44    419    384
   704 :    382    394    218
   705 :    269    388    268
   706 :    384    408     92
   707 :     11    391    292
   708 :    220    393    282
   709 :    292    391    272
   710 :    380    397     52
   711 :     75    398    381
   712 :     98    418    265
   713 :     92    389     42
   714 :    264    418    395
   715 :     12    391     11
   716 :    100    392     16
   717 :    376    393    220
   718 :    341    394     76
   719 :      2    417     39
   720 :    381    398    102
   721 :    101    397    380
   722 :     90    393    376
   723 :    233    408    384
   724 :     73    399     72
   725 :     86    412    289
   726 :    221    400    223
   727 :     71    401     70
   728 :    102    398      4
   729 :     51    397    101
   730 :    401    402     70
   731 :     70    402     69
   732 :    101    396    342
   733 :    231    408    233
   734 :    331    404    403
   735 :    331    403    339
   736 :    224    404    331
   737 :    224    405    404
   738 :    333    405    224
   739 :    225    407    406
   740 :    225    406    333
   741 :    333    406    405
   742 :    328    407    225
   743 :    281    410    279
   744 :    328    409    407
   745 :     61    411     60
   746 :    212    409    328
   747 :    411    414     60
   748 :     57    415     56
   749 :    265    418    262
   750 :    213    413    210
   751 :     60    414     59
   752 :    321    420    322
   753 :     45    419     44
   754 :     40    417      2
   755 :     76    394    382
   756 :    381    395     98
   757 :     97    416    380
   758 :    212    420    409
   759 :    390    417     40
   760 :    396    416    281
   761 :    410    416     97
   762 :    395    418     98
   763 :    281    416    410
Number of domains 4
  Domain :      0 
  Name : Bottom
  Number of elements :     13
     0     1     2     3     4     5     6     7     8     9
    10    11    12
  Domain :      1 
  Name : Entity 1 
  Number of elements :     25
    13    14    15    16    17    18    19    20    21    22
    23    24    25    26    27    28    29    30    31    32
    33    34    35    36    37
  Domain :      2 
  Name : Top
  Number of elements :     13
    38    39    40    41    42    43    44    45    46    47
    48    49    50
  Domain :      3 
  Name : Axis
  Number of elements :     25
    51    52    53    54    55    56    57    58    59    60
    61    62    63    64    65    66    67    68    69    70
    71    72    73    74    75
