Size 788,2
0.000000000000000000e+00,4.479975511975613570e-03
0.000000000000000000e+00,4.801924314190362370e-04
1.094171687352211509e-03,0.000000000000000000e+00
0.000000000000000000e+00,3.052161945260886775e-03
0.000000000000000000e+00,5.221619568283859467e-03
-7.566290494961097754e-04,6.327552503802270911e-03
5.526140317954445646e-05,4.563824446730544229e-03
0.000000000000000000e+00,4.478976381850817423e-03
0.000000000000000000e+00,4.479969008903004514e-03
-1.322412120027436299e-08,4.479965624953027512e-03
0.000000000000000000e+00,6.370971903543908759e-04
0.000000000000000000e+00,1.052625068438502003e-03
0.000000000000000000e+00,1.519110499912326327e-03
0.000000000000000000e+00,1.978785301486783287e-03
0.000000000000000000e+00,2.419407591589768213e-03
0.000000000000000000e+00,2.827952924348136558e-03
0.000000000000000000e+00,3.189616566950655412e-03
0.000000000000000000e+00,3.503948280039954986e-03
0.000000000000000000e+00,3.767249919744692158e-03
0.000000000000000000e+00,3.971957030531369018e-03
0.000000000000000000e+00,4.117496432368641761e-03
0.000000000000000000e+00,4.195049783467977300e-03
0.000000000000000000e+00,4.204226720941850633e-03
0.000000000000000000e+00,4.179503560956779502e-03
0.000000000000000000e+00,4.175033834825836801e-03
0.000000000000000000e+00,4.228483126807543527e-03
0.000000000000000000e+00,4.309684662926155201e-03
0.000000000000000000e+00,4.377035432121701743e-03
0.000000000000000000e+00,4.422597660309891300e-03
0.000000000000000000e+00,4.450240878212025943e-03
0.000000000000000000e+00,4.466778541421637799e-03
0.000000000000000000e+00,4.475064494247096326e-03
0.000000000000000000e+00,4.478758568158470142e-03
0.000000000000000000e+00,4.480394382855090035e-03
0.000000000000000000e+00,4.480884845014535857e-03
0.000000000000000000e+00,4.480937589112515655e-03
0.000000000000000000e+00,4.480806795072366823e-03
0.000000000000000000e+00,4.480642234279110826e-03
0.000000000000000000e+00,4.480492929599540555e-03
0.000000000000000000e+00,4.480370250009225140e-03
0.000000000000000000e+00,4.480274358112439244e-03
0.000000000000000000e+00,4.480200983807121860e-03
0.000000000000000000e+00,4.480145349353721780e-03
0.000000000000000000e+00,4.480103280689929669e-03
0.000000000000000000e+00,4.480071309054355425e-03
0.000000000000000000e+00,4.480046988329412783e-03
0.000000000000000000e+00,4.480028357673060922e-03
0.000000000000000000e+00,4.480014091417326878e-03
0.000000000000000000e+00,4.480003127948304492e-03
0.000000000000000000e+00,4.479994741784384081e-03
0.000000000000000000e+00,4.479988414898755829e-03
0.000000000000000000e+00,4.479983667788139771e-03
0.000000000000000000e+00,4.479980164315597313e-03
0.000000000000000000e+00,4.479977557264697499e-03
9.730925384083211277e-04,0.000000000000000000e+00
8.476947889462381654e-04,0.000000000000000000e+00
7.159904275884856764e-04,0.000000000000000000e+00
5.790622636265788797e-04,0.000000000000000000e+00
4.388308085448796203e-04,0.000000000000000000e+00
2.987093505770524980e-04,0.000000000000000000e+00
1.630697223708479872e-04,0.000000000000000000e+00
5.676786996910806364e-04,2.643272272563221888e-03
7.943866890910412882e-04,2.296720739562790273e-03
9.247284917214179103e-04,1.940789197342922441e-03
1.001756982074263188e-03,1.570722162508631208e-03
1.048372708315794795e-03,1.186692235337043948e-03
1.076053616419283881e-03,7.961707097882774311e-04
1.088624755022637568e-03,3.992064490000735979e-04
0.000000000000000000e+00,4.910436635120900110e-03
0.000000000000000000e+00,4.561911606916255191e-03
0.000000000000000000e+00,4.202907817402299143e-03
0.000000000000000000e+00,3.834696326033039393e-03
0.000000000000000000e+00,3.454922800974110416e-03
-8.139323863232818083e-04,6.340791345565702924e-03
-8.730850184645407757e-04,6.334985137255721120e-03
-9.285589783058527868e-04,6.310185394086017564e-03
-9.783315412691348002e-04,6.269667473227342330e-03
-1.021553769590081246e-03,6.211238532060117321e-03
-1.056744210857839738e-03,6.133908189955231648e-03
-1.079490168948894812e-03,6.032773496889545090e-03
-1.077023021083618661e-03,5.895977273554616621e-03
-1.022861504263765202e-03,5.709505667962904742e-03
-8.336985941364197629e-04,5.453672674295453361e-03
5.711064782698336255e-05,4.584288067824788052e-03
5.713121706412977851e-05,4.610615654359593620e-03
5.331903157437792762e-05,4.643458091458377811e-03
4.919397323711114902e-05,4.685662730524702523e-03
4.059563438407260338e-05,4.735889264133416598e-03
2.569291257803505170e-05,4.793281482090220105e-03
6.269586615887267346e-06,4.864795943802263656e-03
-1.946720442330680909e-05,4.950480011175687270e-03
-5.343092868474989837e-05,5.053240582928643365e-03
-9.772118555633975184e-05,5.177548846881450083e-03
-1.569393153666973659e-04,5.334666990865401075e-03
-2.495869894577166528e-04,5.547831293755909818e-03
-4.015646232544089447e-04,5.851837705202031677e-03
-5.051064474231560996e-04,6.037401418580720831e-03
-5.810551550249189266e-04,6.155466160257179117e-03
-6.429022451829001245e-04,6.236488222720939882e-03
-6.998949819797608022e-04,6.292231052354740894e-03
1.673030938103179526e-06,4.478468968107971598e-03
3.782632850414859743e-06,4.478002617006071259e-03
7.066497414774370395e-06,4.477809745435349861e-03
1.203178373567050082e-05,4.478445672989309415e-03
1.718728830452822721e-05,4.480264217416092369e-03
2.196934424629583269e-05,4.482787212753344686e-03
2.617321940028866591e-05,4.485859455619537785e-03
3.002946957724103369e-05,4.489424176777417896e-03
3.346903797335028843e-05,4.493532823202274311e-03
3.656871854901890966e-05,4.498100263167928957e-03
3.971301151372336240e-05,4.503315490724609307e-03
4.261492681233308586e-05,4.509559211974414374e-03
4.506997612198952393e-05,4.516802641786028284e-03
4.783398053264140370e-05,4.525363288985102470e-03
5.012751195354873035e-05,4.535357780340920630e-03
5.308776232830846557e-05,4.547960596996529666e-03
0.000000000000000000e+00,4.479971666817457281e-03
0.000000000000000000e+00,4.479973922283285274e-03
0.000000000000000000e+00,4.479975490005068395e-03
0.000000000000000000e+00,4.479975697144329867e-03
0.000000000000000000e+00,4.479973014718667199e-03
0.000000000000000000e+00,4.479965443805068032e-03
0.000000000000000000e+00,4.479951120175426280e-03
0.000000000000000000e+00,4.479923164214255280e-03
0.000000000000000000e+00,4.479872630010595103e-03
0.000000000000000000e+00,4.479778142404925757e-03
0.000000000000000000e+00,4.479628860344262234e-03
0.000000000000000000e+00,4.479384062934651731e-03
-1.342635223009071015e-08,4.479964680756036953e-03
-1.346680901207779589e-08,4.479964164771842346e-03
-1.344800233721433112e-08,4.479963980545872797e-03
-1.349242873689687792e-08,4.479964165614208453e-03
-1.371888076075476194e-08,4.479964663234841521e-03
-1.410014315944116059e-08,4.479965330646966219e-03
-1.467125987942051856e-08,4.479966160919133210e-03
-1.531983018124675971e-08,4.479966925760183946e-03
-1.600372273916425397e-08,4.479967582010532280e-03
-1.627484550348210996e-08,4.479967901807378403e-03
-1.556576974045081238e-08,4.479967866101142691e-03
-1.238484198099532755e-08,4.479967862569622997e-03
-1.966091125287500816e-09,4.479975290068496756e-03
-3.834329027501428948e-09,4.479974842671798942e-03
-5.626586378192629914e-09,4.479974136770020939e-03
-7.280729562675683244e-09,4.479973189253353381e-03
-8.772716534447149959e-09,4.479972101101232888e-03
-1.010389983492998290e-08,4.479970863343459876e-03
-1.123547766264645030e-08,4.479969479557602274e-03
-1.214414362669442088e-08,4.479968142544818802e-03
-1.276699187976244911e-08,4.479966805685750911e-03
-8.821378664298105618e-04,6.280197349789562282e-03
-7.123077364557113241e-04,6.191298925792013824e-03
-5.653120905145912626e-04,5.824282741741696780e-03
-2.215982338208918358e-04,5.164409424035250502e-03
-3.413411460098424242e-05,4.846358055021608192e-03
4.888456410345710327e-05,4.674388342230926564e-03
6.553405878622584621e-05,4.586743374384695884e-03
5.435432184091593935e-05,4.530082835082289289e-03
-1.318881718277535454e-08,4.479965161718193339e-03
4.081271889511814605e-05,4.502194438259490492e-03
-3.748955663012995403e-09,4.479972456181181839e-03
-3.443700987054857420e-09,4.480019977492263362e-03
-1.566103214573793195e-08,4.479966653720848443e-03
3.014907083935106010e-05,4.489709099803386623e-03
-1.080620951725315610e-08,4.479969890521728719e-03
-7.644158347189244094e-09,4.480083360460996277e-03
-9.608821629921559387e-04,5.984223883944205478e-03
-7.952975599786330017e-05,4.185440616059803338e-03
-8.637634194501095376e-09,4.479978157408096018e-03
-1.792534357617360216e-08,4.480227346946676070e-03
-1.955990236367039519e-09,4.479990906474090769e-03
-2.252852356991961651e-08,4.479969055599505347e-03
-3.146880625511988472e-08,4.480548996261326036e-03
8.544939041505630190e-04,1.867950303564085493e-03
-2.921279428500294723e-05,3.693236011624626957e-03
4.476215755571705159e-05,3.019114449089560503e-03
-7.095835707541580599e-05,4.741441558733652112e-03
-8.081921477905949225e-08,4.479817785212128478e-03
-1.126869163054606778e-04,4.231376127991546415e-03
1.085337078614086344e-04,1.769633842580698845e-03
1.613668699124223358e-05,4.481816326932108567e-03
-7.175387342890901232e-09,4.479974106019134726e-03
-1.406479088960061261e-08,4.479964762028801513e-03
1.198603147151230407e-07,4.480990523321957616e-03
-1.590714159758777613e-08,4.479969095212974102e-03
8.615673046148877052e-07,4.479737363476341168e-03
6.414733903866362552e-04,3.919043133399427990e-04
2.205450512572716782e-05,4.360305143184075791e-03
4.055558373374408317e-06,4.472084466969392276e-03
-1.480038401827490967e-05,4.224558295872351578e-03
-4.600953182891994089e-08,4.479920114843868872e-03
-3.903780003044159927e-05,3.896180501959360751e-03
9.523854648756706847e-07,4.479872601024205425e-03
5.964491758040698505e-04,2.630706751290023699e-03
9.657140789304282915e-06,4.447648789811672020e-03
4.749379891769664079e-05,4.514548068683897283e-03
5.998472637146270720e-05,4.552299439396638968e-03
-3.788968965746888256e-04,5.573614537621889020e-03
5.671368616548873224e-06,4.480068872013512858e-03
-4.193636676267787239e-09,4.479976037546250928e-03
-1.230271301463795410e-08,4.479967224082414580e-03
3.566218956364279775e-04,4.145219888386408500e-04
9.597742552022444718e-04,1.010426144199256084e-03
-9.559552405823764807e-04,6.209190756639324828e-03
-7.977172767046117850e-04,6.277546400029378713e-03
-1.520173856758274386e-09,4.479981731081839232e-03
9.081401125893881054e-04,3.558245427939358565e-04
1.083976633199640457e-04,7.830003101381056855e-04
2.122553674114765275e-05,4.483906986687754247e-03
2.237486929499387761e-05,4.483519352708838744e-03
1.572986010604754636e-05,4.481739208407900521e-03
2.112530864290407278e-05,4.479912342890553581e-03
2.892484790205932443e-05,4.480739590058378970e-03
1.458327854915364987e-05,4.479781996067961139e-03
2.696205888881628534e-05,4.473268939695369990e-03
3.648018473187650029e-05,4.472416864788806429e-03
3.719803215662749094e-05,4.483865928722818341e-03
4.702417215998188379e-05,4.473138262628599190e-03
4.198103951318661717e-05,4.454929008533649315e-03
5.293344316392842221e-05,4.451839255957452252e-03
5.728804021011457324e-05,4.479218119547254129e-03
6.240836211224436744e-05,4.451902035763215075e-03
6.705138836279461994e-05,4.483803945525798897e-03
6.709135744377076114e-05,4.451352964434819766e-03
5.815708806405484027e-05,4.412496783836370937e-03
5.520676903343335596e-05,4.408957403114072311e-03
6.614048266791034661e-05,4.462406050086303519e-03
3.876055946744799740e-05,4.413741982239317331e-03
4.840550177549745599e-05,4.480899750259869849e-03
1.230773508808879376e-06,4.426806363950951118e-03
-2.309577371451421185e-06,4.502669938189945813e-03
-6.482202895502984488e-05,4.448340206291975102e-03
-8.002905655818634578e-05,4.537402399724306881e-03
-1.569106029774740903e-04,4.490629468565096767e-03
-1.949016029459127984e-04,4.613841437305814426e-03
-2.714061080649561499e-04,4.558470685365491153e-03
-3.461794208063918008e-04,4.727891573484894680e-03
-3.916101772546849149e-04,4.656621422776436800e-03
-4.990041241798329153e-04,4.881485659244331511e-03
-4.911001998819104590e-04,4.775495784413934242e-03
-5.845143946472060358e-04,5.002625443245544562e-03
-5.324885617804864029e-04,4.871189075347522220e-03
-6.174467180528205555e-04,5.152842961621467710e-03
-5.110755499992344648e-04,4.932398211368009197e-03
-4.530294610311132175e-04,4.720669624844815900e-03
-4.223282023635869598e-04,4.742455184565482276e-03
-2.106743173795903239e-04,4.462533502316197616e-03
-5.376437435378492126e-04,5.156932778416560732e-03
-6.536952085772668218e-04,5.447348186168383087e-03
-3.941021524358846772e-04,4.589633330341158154e-03
-5.473823148253077894e-05,4.374744977736815844e-03
-3.698802975818754309e-04,4.570967128576485829e-03
-3.335520741424311073e-04,4.564397086362107989e-03
-3.503896994656863217e-04,4.704211797092278276e-03
-2.706100261108704773e-04,4.484817484960964065e-03
-2.601546179223795138e-04,4.578342532361840377e-03
-1.968035749394999863e-04,4.331198328380597533e-03
-1.683300061900695440e-04,4.359168722128605247e-03
-1.259955606120640435e-04,4.115451108977695796e-03
-5.126040140098367479e-04,5.345908965442434241e-03
-6.418379501750644169e-04,5.664012395252588858e-03
-4.458818104732246881e-04,5.475128638736314821e-03
-1.959218615646974302e-04,4.278566512532744684e-03
-5.888205006561587733e-04,5.084245980995589706e-03
-3.660580512197110872e-04,5.163426993253415753e-03
4.349132666570162394e-05,4.362499826892044137e-03
-7.142492931980611243e-04,5.688215180344487545e-03
-7.063075229878035483e-04,5.861951928583727066e-03
-2.553413360970750506e-04,4.751350379702503485e-03
-2.855839828578777195e-04,4.435449387018192829e-03
4.222188098766148563e-05,4.542870735708580930e-03
-7.642208006928311818e-04,5.970237244690265212e-03
5.965164043569811455e-05,4.498330480177299001e-03
-9.956050307901044539e-05,4.094984353052766139e-03
-5.992683024892387310e-05,3.860327068927547900e-03
-7.214174713092432010e-05,3.883860589667626623e-03
1.905001832065285329e-06,3.630064646594647736e-03
-1.295007714188171544e-05,3.657010525417186790e-03
7.552207218184495987e-05,3.387553918278173298e-03
1.079885071514003262e-04,3.347964976845216410e-03
2.004582760436312964e-04,3.080638080595474431e-03
1.342825885652637998e-04,3.133051419118206265e-03
2.563660691775836425e-04,2.789519252448663823e-03
3.522006288531662590e-04,2.730355111624311638e-03
3.858285336630180797e-04,2.405971512706217997e-03
2.735599069704129313e-04,2.457285038371804457e-03
3.862098506911275007e-04,2.068332588320846883e-03
5.146562135264390976e-04,1.997733606620291126e-03
4.896222948610368412e-04,1.644746814158046634e-03
6.286759502715299564e-04,1.572482335146260183e-03
-8.012941711369272503e-05,3.906953101612469642e-03
-1.933585259888626753e-05,3.670704649308985379e-03
6.442975979247011261e-05,4.508963897073662262e-03
-2.862658257492847161e-04,4.406253374622169823e-03
3.352259018971382202e-04,1.735589750616492628e-03
4.390260768924327634e-04,1.283315192584814348e-03
2.909773791609460646e-04,1.300097522013722888e-03
-1.164487111003955613e-04,4.352838826137483443e-03
4.386479716973925555e-05,4.428952031130098388e-03
6.510335825361551363e-04,1.907847592984641266e-03
9.204855997073636912e-06,4.572965134665067308e-03
6.985381379703809552e-05,4.510739826309648030e-03
7.229091546190668041e-05,4.502435125087726579e-03
7.310547038656476759e-05,4.532333275577379861e-03
3.269281171878933660e-05,4.439951236079508513e-03
7.098105844089736157e-05,4.549558003675482215e-03
7.674705707622009798e-04,1.489471752946576856e-03
7.274118641496090396e-04,1.156245520333473546e-03
-1.041527971394831941e-04,4.641507180825137427e-03
5.646600427081935943e-05,4.511819137320402691e-03
5.071314501003537916e-05,4.503065835915422491e-03
4.611343864335457326e-05,4.380731498282133991e-03
3.270353990741284680e-05,4.333115756099832280e-03
-6.861815124697487204e-04,5.384906292046034125e-03
-7.330415165550829186e-04,5.677436375528440056e-03
4.275579656959752794e-05,4.598993173449802269e-03
1.337233540377060226e-05,4.640656146926352109e-03
-2.084464006548585632e-04,4.321644452479710304e-03
-2.059379127792209177e-04,4.306031285128600512e-03
-4.621479087721388590e-05,3.811611709507238890e-03
-4.410830284618569405e-04,4.900906602100412943e-03
-5.662617102811578693e-04,5.210565939549043069e-03
4.684942039562042652e-05,4.487668353491618134e-03
3.809529557030014185e-05,4.491021650501963482e-03
3.192229355119750704e-05,4.487411364737650850e-03
-2.977303905208494470e-04,5.244253657677178278e-03
-2.111172924397092807e-04,4.925851695218821068e-03
1.437628466143690134e-05,4.297401085015048992e-03
-7.331621242731793783e-05,4.203737122785042475e-03
-1.677193309336748707e-04,4.274978519012758577e-03
-1.138880325460685602e-04,4.257377910842534766e-03
-2.019656595919770605e-04,4.337530541176533305e-03
-2.833866069015661122e-04,4.395166568238069275e-03
-6.116332121676929098e-04,5.782607901427556235e-03
-7.388572906753827340e-04,5.968074254310061152e-03
-7.892934354311773818e-04,6.069033141201957832e-03
-5.850675412137938203e-04,5.792680371660890136e-03
1.845934212417451795e-05,4.416923568346059134e-03
-1.098524956356212540e-04,4.240822422325683100e-03
-2.127584124637957146e-04,4.317199925537737459e-03
-8.026430730757848093e-04,5.959134336245965578e-03
-8.521836192322760880e-04,6.081970862358878661e-03
6.294871562574234762e-05,4.575618327881157167e-03
5.917548203388490281e-05,4.621612381286397189e-03
6.027309270434314789e-05,4.522795068959912027e-03
6.722902663833491921e-05,4.523490562962857557e-03
1.013212996184230872e-05,4.480995840718753065e-03
9.194684001869687814e-06,4.480181684395945045e-03
1.224438479460776957e-05,4.476767370338110424e-03
7.448891422383093059e-06,4.478632694651264214e-03
5.435652475849589270e-06,4.480675029173371987e-03
4.093887260464508468e-06,4.480058515456027991e-03
2.766446711825799982e-06,4.480955036050861089e-03
1.978060213579352904e-06,4.480774793706465003e-03
1.217623421059704959e-06,4.481017785396643888e-03
7.807637681296626072e-07,4.480986398174856104e-03
4.057850730892861172e-07,4.480926131628824687e-03
5.117463087780604978e-07,4.480711836917345391e-03
6.072829801026738458e-08,4.480593267779657551e-03
6.298384786143427182e-08,4.480775527436820123e-03
-8.431623034557513485e-08,4.480481095948883954e-03
-5.675579664930799161e-08,4.480646196546945841e-03
-1.192523917664526684e-07,4.480394204342500776e-03
-9.254555987799552398e-08,4.480512151283240138e-03
-1.157390859714933933e-07,4.480322560808239381e-03
-1.301442129853013932e-07,4.480203479501816168e-03
-1.122891620944131238e-07,4.480178429393789213e-03
-9.867019543906702121e-08,4.480256405171581351e-03
-9.123236207234979121e-08,4.480149012815048612e-03
-7.858370066492732993e-08,4.480200905197684325e-03
-7.077809912984480592e-08,4.480122559066879173e-03
-5.979602424954261231e-08,4.480156066916940634e-03
-5.489169608388858981e-08,4.480095806019017933e-03
-5.813930248125358674e-08,4.480067704667919405e-03
-4.551564881521788256e-08,4.480054302726349004e-03
-4.198496910856793363e-08,4.480073526724697060e-03
-3.603453896162294889e-08,4.480041235126320902e-03
-3.260563562932499921e-08,4.480053962996670587e-03
-2.865306714717818181e-08,4.480029007053448926e-03
-2.559109490655516098e-08,4.480037351704629044e-03
-2.309407225156018728e-08,4.480017980468870356e-03
-2.442040068581220804e-08,4.480010832971019832e-03
-2.056007885675143456e-08,4.480003462751179152e-03
-1.908893584354276341e-08,4.480008403227586471e-03
-1.773499536706732081e-08,4.479996670959245607e-03
-1.618244280003362765e-08,4.479999988050815778e-03
-1.564445509124678020e-08,4.479990501744584783e-03
-1.403311607102823689e-08,4.479991889244635400e-03
-1.663048194640548132e-08,4.479987706702706282e-03
-1.521811807641229693e-08,4.479983010098550350e-03
-1.585721192419164879e-08,4.479980882818207152e-03
-1.672134416119493436e-08,4.479984565936716116e-03
-1.500558490464987392e-08,4.479977093698780076e-03
-1.401319584894591039e-08,4.479978760741199113e-03
-1.672190106407566083e-08,4.480012120762270206e-03
-1.552895693511133624e-08,4.479975459661193413e-03
-3.598549747691131029e-08,4.480026371763980511e-03
-1.410085597737896317e-08,4.479973882271687941e-03
-1.300781605236368829e-08,4.479975186458923578e-03
-3.551659147296387976e-08,4.480087513950721176e-03
-9.214181401219676399e-08,4.480083089172783029e-03
-1.327339253566408916e-08,4.479971236817262975e-03
-1.418717035747682645e-08,4.479970144772773416e-03
-1.221236032193056260e-08,4.479972404479016720e-03
-1.176784225482046126e-08,4.479976360791498337e-03
-1.105026933655583716e-08,4.479973618812193269e-03
-1.041320208353432329e-08,4.479977518674006093e-03
-9.783482296345951687e-09,4.479974802910957621e-03
-8.912092563389821938e-09,4.479978557208458972e-03
-9.791273437008701762e-09,4.479982062345621262e-03
-8.089862416133174288e-09,4.479982878717151534e-03
-9.130279359323174429e-09,4.479987364314050660e-03
-7.361223757268716351e-09,4.479979433196854509e-03
-6.336898375623951647e-09,4.479983406753595097e-03
-5.723963139062664241e-09,4.479980007915123144e-03
-7.605397314554530930e-08,4.480307319667341422e-03
-2.062822956225216023e-08,4.479997564736578133e-03
-2.378712108956690038e-08,4.480002520522900246e-03
-1.890515167647289550e-08,4.479991065311999740e-03
-2.120781901551185557e-08,4.479993981043018346e-03
-1.549351168006938869e-08,4.479984906473870147e-03
-1.511085778649510500e-08,4.479983007496512841e-03
-2.112272071925292514e-08,4.480140374663042421e-03
-4.550986020725451326e-09,4.479983536266017585e-03
-5.231166548080611737e-09,4.479987834381277123e-03
-4.023604624130717826e-08,4.480725324387174746e-03
-1.267718335157499789e-08,4.479969194481496324e-03
-1.681198004939754751e-08,4.479986099045600752e-03
-1.012377798027410373e-08,4.479979017717013005e-03
-2.444753556130841755e-08,4.479996269286849742e-03
-1.099794771466089970e-08,4.479986376687451234e-03
-1.057964928173930322e-08,4.479992924741756609e-03
-8.287463997339769648e-09,4.479993610868720881e-03
-9.803862642848943898e-09,4.480000664546666435e-03
-7.222041494322850256e-09,4.480001616092455646e-03
-8.829504098971145543e-09,4.480011170793238816e-03
3.550785243080368071e-06,4.480819151813436423e-03
-4.100263157133528504e-09,4.479979795084099506e-03
-1.170890267723767657e-08,4.480008036887259473e-03
-1.113124131877402176e-08,4.480021361133976719e-03
-5.854552328692809012e-09,4.479976761796610266e-03
-1.064254863081843330e-08,4.479971558204796749e-03
8.981144081515924802e-06,4.473722156436570584e-03
1.437149586246274933e-05,4.469492133044384793e-03
9.362605978911649941e-06,4.464902898554696555e-03
-9.571676230498303666e-09,4.479972707671760201e-03
-1.852518443237217451e-08,4.479986217333696216e-03
-2.847441655114489771e-08,4.479997412181428197e-03
-1.983879682689359179e-08,4.479984743672946364e-03
-3.404258375681356082e-08,4.479997033937878001e-03
-4.100760575097165091e-08,4.480016625652672758e-03
-5.207553378903717966e-08,4.480021008322025190e-03
-2.289499301340122122e-08,4.479981198253588093e-03
6.328993130982962202e-07,4.778680481717921189e-03
-4.522515033371666822e-05,4.756937785919200523e-03
-9.898258457865292232e-05,4.822666979467294356e-03
2.825590082369858034e-05,4.707340364445524936e-03
-3.297617071130288591e-04,5.336602796769250590e-03
-3.624746350473251636e-04,5.175122325754995777e-03
-2.628213398878523430e-04,5.028553430230818695e-03
-4.904414421608620581e-04,5.369260453510516298e-03
-3.733380710386011853e-04,5.060070662078437927e-03
-2.885544402807172686e-04,4.914162880097248248e-03
-6.251508194071117054e-04,5.996188122201890486e-03
-6.623036355912099169e-04,5.803867274533904171e-03
-7.002056685632282928e-04,5.951751197960103955e-03
-5.975387896639373182e-04,5.597075661130285033e-03
-6.727165744881377944e-04,5.606300372006436765e-03
6.328884494553932481e-05,4.613363728407679325e-03
-3.324920044907150787e-04,4.872807424625699019e-03
-1.171243153876479816e-08,4.479970184051417122e-03
6.264781642440358535e-05,4.538637960906596359e-03
-5.680018783644097804e-09,4.479976432004129615e-03
-1.402026204976384073e-08,4.479984552607276134e-03
5.366283754601343500e-05,4.520012316948187649e-03
-6.009423039950884273e-05,4.069942393453913551e-03
-9.778545570060001677e-05,4.036393260877461225e-03
-6.902583043051040240e-09,4.479977299547544325e-03
-8.282914176901419371e-09,4.479975729157825021e-03
-8.730090111677727283e-09,4.479973367379085428e-03
1.963107637226962014e-06,4.477724075678844902e-03
-1.093521883276616518e-07,4.480214468826094858e-03
-1.350861950003020520e-08,4.479968198366170683e-03
-1.422020798067967420e-08,4.479967410667008709e-03
-1.492495409536959503e-08,4.479969220129532970e-03
-1.480879074055460070e-08,4.479966980274334085e-03
-1.548958318659680331e-08,4.479968579858622027e-03
-1.363931917151660115e-08,4.479965883296016006e-03
-1.522885716305598738e-08,4.479966456841955914e-03
-1.590444067850304283e-08,4.479968119840946165e-03
-1.586383069179289886e-08,4.479970551249334160e-03
-1.603817698416616952e-08,4.479969996145861423e-03
-1.565238036610528075e-08,4.479972836972978371e-03
-1.527256262353370206e-08,4.479972157164321088e-03
-1.454710532726908421e-08,4.479975353824263914e-03
-1.257813930278898992e-08,4.479973635063527748e-03
-1.550045710710699516e-08,4.479976869139467091e-03
-1.279372005734880777e-08,4.479977374697528651e-03
-1.586598050179555144e-09,4.479978560614309227e-03
-2.703570688608423689e-09,4.480007807813677322e-03
1.105978500721483678e-08,4.480874750848893619e-03
6.691352298805911481e-08,4.480897319967505794e-03
-2.847840603048602174e-08,4.480414245107631512e-03
-5.905888601076145073e-08,4.480438047878034652e-03
-5.928101604667399202e-09,4.480056656599355237e-03
-1.284742635971866603e-08,4.480063971249721548e-03
-1.674515055063510223e-08,4.480092433081215610e-03
-2.024327661913335941e-08,4.480066455393344124e-03
-1.613658067439287500e-08,4.480044868146138178e-03
-1.380845679180098278e-08,4.480165837019226861e-03
-2.982284504819852587e-08,4.480179783078233266e-03
-3.838712040726998806e-08,4.480241067452339111e-03
-2.217687771708339695e-08,4.480130222982380526e-03
-3.465832991169603210e-08,4.480130585361378863e-03
3.873763317442818245e-04,8.849727729440419249e-04
5.329540072440717502e-04,8.399718929104589083e-04
-1.729115573138652871e-08,4.479986894135874753e-03
-1.492474534939563904e-08,4.479972615783141959e-03
-6.713365739478958536e-04,6.108446744371168885e-03
-7.288092600121391738e-04,6.059488996383204269e-03
-7.574898790395969425e-04,6.138665660504747865e-03
-7.406101950809322555e-04,5.897736330875771871e-03
-4.692666405989210526e-04,5.575743630492202910e-03
-5.947387567439992072e-04,5.395688717067670913e-03
-6.656039080239085221e-04,5.429212208668480165e-03
-1.449639076767321303e-04,5.032574478970939028e-03
-1.127017047948010979e-08,4.479978814057952903e-03
7.077783193040889731e-05,4.559520359804798001e-03
7.012240953045910895e-05,4.538713588041929162e-03
1.243730297244873942e-08,4.479635388819767222e-03
-7.143154712501020308e-08,4.480069039526717554e-03
-2.491011632430287252e-08,4.480705280062276079e-03
-1.108143684432007653e-07,4.480082621617933157e-03
-1.244079643975188750e-07,4.480062014030086054e-03
-8.055348721830071910e-08,4.480016006204790013e-03
-1.353786925391988654e-07,4.480219483785023889e-03
3.400542512006376230e-05,4.493310277204072556e-03
-1.717151765832492080e-04,4.911736639098728679e-03
1.535887069556173883e-06,4.480842980572406764e-03
-7.594986344522146673e-04,6.011848003848218810e-03
-7.803702019195205780e-08,4.479715180257727580e-03
-1.643568931444377014e-09,4.479985633865532675e-03
-1.265306374877813034e-07,4.480013194919750183e-03
-9.371655011190434187e-08,4.479933119755111388e-03
-2.216107509585096942e-09,4.479998107868015528e-03
4.466697875619540400e-07,4.480816969628822859e-03
-4.506746485503490704e-09,4.480036003634809208e-03
-4.141393570179937308e-09,4.479974213813507113e-03
6.375917368355088282e-05,4.568454494581405782e-03
-3.057007447212509931e-08,4.479951267948254108e-03
-2.287652806065283187e-08,4.480307301781828906e-03
-4.822271422846366800e-08,4.480323556807600492e-03
-1.016373883740025374e-08,4.480119124579594325e-03
-8.996390881193303472e-08,4.480398727894315154e-03
-1.508688492576035914e-08,4.479979761250892437e-03
2.588765889752687969e-05,4.486449238373107704e-03
2.667580625967400146e-06,4.479775874909624860e-03
-3.349600099513913733e-05,4.612486957885251863e-03
-2.000609118331572712e-04,4.623620372401490881e-03
-1.393995379387578925e-08,4.480001946842639832e-03
-1.035928593406751009e-08,4.480039220770851149e-03
-7.788129523501236039e-04,6.088974372422284453e-03
-7.888299463930913960e-04,6.196578184397258209e-03
1.382256023846218241e-04,1.290309248539815148e-03
-1.239322464877427349e-05,3.652708334056252882e-03
1.756082975849370016e-05,3.364932710839583542e-03
7.617263413955646005e-05,3.171817494409361927e-03
1.107098489104987676e-04,2.829581699583475201e-03
7.252497136202704011e-05,2.633938057199530867e-03
1.762322255990641585e-04,2.446451599321538238e-03
9.794649020504291297e-05,2.212823854510239524e-03
2.098154243101678351e-04,1.992720145291978009e-03
-1.145323091791728549e-08,4.479969028446882315e-03
-2.036702395164957998e-08,4.480023395836955739e-03
-1.687475384841818154e-08,4.480027135678715799e-03
7.040060544498172356e-05,4.503584592248758428e-03
5.860903792995132873e-04,1.220667995592207133e-03
-1.276683827744032053e-08,4.479979886551685615e-03
5.095792898489727527e-04,2.335436896191092019e-03
4.612383974460041044e-04,2.653433146232445604e-03
6.721652268123470744e-04,2.196891342597573436e-03
2.701465075102084715e-04,3.027865380300808883e-03
1.357191894057079343e-04,3.291405321559898785e-03
3.694473033095370070e-04,2.933043539429404118e-03
1.334713809338736884e-04,3.221175909176337247e-03
1.534228480664886598e-05,3.503200253558002870e-03
-6.573307554168585120e-05,4.047117904067212835e-03
-5.123624595706209909e-05,4.363713923448889372e-03
-5.958203695682975383e-08,4.480234184444483597e-03
9.042132710488426156e-04,1.432699976770962893e-03
7.738170035056484569e-04,3.822851909748500323e-04
8.371386258645119836e-04,7.506472627165197741e-04
5.043282335361702878e-04,3.969749113675291033e-04
7.608128097373690951e-04,2.244263601783711218e-03
-3.696373184521423941e-04,4.530015222948954520e-03
-5.572446006065856411e-06,4.701693360429270475e-03
-1.150609439259244837e-04,4.320659763341045886e-03
-4.370696762865148525e-05,4.270747974622945801e-03
-7.537072789182004380e-04,6.245665917564853162e-03
-8.322911365207688421e-04,6.237243333176390944e-03
-8.179186176938559147e-05,4.929279966175211837e-03
-1.754637965234288899e-04,4.798368504620913536e-03
-1.827005786047013147e-08,4.479992506526335981e-03
1.492250888963467100e-05,3.584207249395936906e-03
-2.952222791572245958e-08,4.480018675945284662e-03
4.174364003574696625e-05,3.427108408919327543e-03
6.875446215505317486e-04,7.908993766521703545e-04
-1.250262447473789445e-04,5.307601073840027307e-03
-6.771525744109624579e-08,4.480026787736268376e-03
-4.227986982206917239e-08,4.479995196692963637e-03
4.764338788597374171e-06,4.477581562203261818e-03
-5.687741691245191297e-09,4.479975225955155384e-03
-8.134568001330812162e-09,4.479972580506816696e-03
1.104950000678774410e-05,4.480546912512157164e-03
-6.741318954179610882e-06,4.321932608567122594e-03
4.446622707551343290e-05,4.507749918870557898e-03
-2.705294945140161657e-08,4.480062797590693945e-03
-9.761647669318873691e-09,4.479971402413612108e-03
3.749659785085221328e-05,4.497470170140459821e-03
4.247801556151304504e-05,4.499946243627308759e-03
-1.379938073272986190e-04,4.107660748786593451e-03
-7.156669302767125576e-09,4.479987960137220976e-03
3.578219922527463037e-07,4.480997913015535156e-03
-6.083939682896772654e-09,4.479993873605214900e-03
-1.136634717435512345e-08,4.479980995416118182e-03
-7.799380074578989757e-04,5.697946946759460500e-03
-6.243258302777681433e-08,4.480561756128777738e-03
1.864018923949833012e-05,4.474821262766828615e-03
-1.621084876748984000e-08,4.479968110136247315e-03
-1.303260893855002556e-08,4.479966798755394448e-03
-1.550300230809269405e-08,4.479971418209089881e-03
-9.138200589867593285e-08,4.479988915636726882e-03
2.177537746669200148e-05,4.464805958454989496e-03
9.823379324723432744e-04,6.006000232483781195e-04
2.036466885924917642e-04,4.231111367094432399e-04
-2.641105983751871552e-08,4.480094203735584396e-03
-3.390743490878393371e-04,5.509049975452532354e-03
4.971250380195879067e-05,4.509810651689341761e-03
-2.630663651263163130e-09,4.479976577860479182e-03
6.107778856405842021e-07,4.480286485650311623e-03
-4.625518974477896141e-08,4.480114378893132465e-03
-7.276252364314192064e-09,4.480024036851638913e-03
-9.035372173132011384e-09,4.479975126987128901e-03
-1.244866304830565167e-08,4.479967566333714797e-03
-2.118068896596230163e-08,4.480042608137398130e-03
-3.183404677949686597e-09,4.479978159533311820e-03
-1.603553417012934593e-08,4.479969682684816108e-03
-4.577665305173525582e-08,4.480176473168361907e-03
-1.282972722006022220e-08,4.479965971700682406e-03
9.731140499037384164e-06,4.267664405752112471e-03
-2.800554287819474579e-08,4.480007207684323124e-03
-1.049433864901541045e-04,4.729679616496253874e-03
-5.604746201062149944e-05,4.685550333283629992e-03
2.466183884940142913e-04,8.836749278589963244e-04
-2.488674638373678210e-04,4.387876473657406455e-03
-1.346186333742704526e-08,4.479964596261170121e-03
-1.489200108694967798e-08,4.479965752287507277e-03
-4.454286200574065070e-04,4.925553837325945608e-03
-8.052468786873000261e-04,6.145006845058817793e-03
-8.409447194517433426e-04,6.176695449760676894e-03
-1.327431967681243902e-04,4.186396928533797808e-03
-1.420057623645382624e-08,4.479965657978635801e-03
-7.527828745824766609e-04,5.834289046331352264e-03
-1.340475084292042953e-04,4.103448311443189805e-03
-1.448180709242764287e-08,4.479965242657736602e-03
-5.687727174659720739e-09,4.480011382545497772e-03
-9.863339295335482679e-04,6.081327320989159818e-03
-7.157686078699057597e-04,5.764264197222489922e-03
-8.402964257209987430e-04,6.294490690433363934e-03
8.436602512466164850e-04,1.168767593988114580e-03
-1.388872756021548982e-08,4.479970607976945483e-03
-9.190557641160062565e-04,6.252090660876785666e-03
-8.870421553361489955e-04,6.181320345482754948e-03
-9.282700032117874181e-04,6.130601032563109606e-03
-9.051270405242375396e-04,6.050670368211533492e-03
-3.358060460597118797e-09,4.479987021051075324e-03
-9.879587492347596724e-04,6.154110802863263681e-03
5.631408962440100969e-05,4.541623392166953266e-03
-9.714365176302444202e-09,4.479976983233641304e-03
3.169695470596194001e-05,4.460660200072611228e-03
-3.113167420107669698e-04,4.518985987841548681e-03
-2.968935073702831618e-04,4.446480258201183575e-03
-4.900410477402781948e-05,3.833347308698132998e-03
-3.901233941434961447e-09,4.479992962939079518e-03
-8.856347930875554247e-04,5.856052618513545548e-03
6.895840622875957387e-05,4.581233222367630913e-03
-4.856905285864671247e-04,5.197478532076356232e-03
5.215920822923552383e-05,4.418355214129556646e-03
6.142806703470788515e-05,4.533105147293442147e-03
6.148894189301705830e-07,3.370657569728544283e-03
-1.307622059344931784e-04,4.401831152833013752e-03
-1.372534900834921623e-08,4.479964508191684389e-03
6.572514547860872307e-06,4.480907343740097269e-03
2.225292992647868239e-05,4.447501828492825098e-03
-1.161012332370512192e-04,4.611087241477219122e-03
1.605040651243650276e-05,4.304918260764844205e-03
-1.574705629373847940e-08,4.479974094596911316e-03
-4.362935085631438324e-04,5.100031572053662782e-03
-8.113753956233376143e-04,6.086138499630891832e-03
-7.681018507103277949e-04,6.007094116895936656e-03
1.608732702610474039e-05,3.469323916517101213e-03
-4.635249042596624125e-09,4.480001155087387325e-03
2.388939891387267783e-06,4.479731868483030101e-03
3.980795452326807085e-05,4.388887271745797042e-03
7.783067581565747232e-04,1.781035856663542877e-03
-2.952269185505308682e-09,4.479982815104951825e-03
-4.461231306755301679e-04,4.663403682203315533e-03
-1.254143733466483664e-08,4.479985380181164892e-03
-1.586131132224324453e-08,4.479978682135801749e-03
1.769484968005470310e-04,2.843939784233288741e-03
4.573861159328110006e-05,4.505074208819377993e-03
4.466281631426910411e-05,4.496247783022390941e-03
5.852777151951290722e-04,2.539967996149306018e-03
-1.203161416817972924e-08,4.479981015858074470e-03
-1.201145946481402113e-07,4.479961958543129605e-03
-3.373702729144108615e-08,4.480012106034472232e-03
7.160246252687012638e-05,4.520843064277731659e-03
-3.479537323887132278e-04,4.853600575126414823e-03
-1.660127897778472831e-04,4.701019753697057747e-03
-1.633547363420321931e-08,4.479968142201759887e-03
-1.230577365802530560e-08,4.479992635209829530e-03
1.833768290035042262e-06,4.480371096623026773e-03
2.621446152177118536e-05,4.485946827009404739e-03
-2.790737882108096531e-05,4.028934698254757474e-03
2.787449735432791275e-04,2.151614880824404344e-03
3.995920071611612636e-05,4.646926651661042844e-03
-6.411208310339297283e-04,5.793891397507055716e-03
4.960738074848982607e-05,4.521622641174567747e-03
2.143628105385846875e-04,1.629490980743167382e-03
3.860963895214586107e-05,4.495469040370712183e-03
-1.702954294960510782e-04,4.221548247114508857e-03
-8.603658774240115975e-09,4.479972751105420516e-03
-7.061248863022424578e-04,5.587301980386314912e-03
-7.005983844904629899e-04,5.450603259037724475e-03
-6.506843251361506481e-04,5.218042789206101505e-03
-7.175739807770570879e-09,4.479975614684257243e-03
-1.495998616736774653e-08,4.479970922991924863e-03
1.246679317773730611e-06,4.480591866198800101e-03
-1.176173277006885556e-08,4.479999010080831269e-03
-5.270058153394069009e-08,4.479987476499095768e-03
3.235418784965967141e-05,4.365883909949280078e-03
-4.471084654801422294e-08,4.480035183026572464e-03
3.429545402477586079e-05,4.492096769815882157e-03
-1.602905929133304127e-08,4.479967343297619996e-03
1.003237189439529524e-03,2.989718741095055156e-04
3.541027325028743480e-04,2.949567466478113242e-03
5.223711976231595801e-05,4.494680844151973179e-03
5.680071715979851142e-05,4.647606394115949384e-03
-1.907316704435833279e-04,4.298637828599922300e-03
-6.267185395511058245e-08,4.479968761931804946e-03
6.411443759172529597e-05,4.598924440159804332e-03
6.368580307919750015e-05,4.206342490160106364e-04
-4.480287420266167468e-04,5.020226805881140494e-03
-1.196054669437032270e-08,4.479968480820916907e-03
-4.243411840318346681e-08,4.479857887161880700e-03
7.032508556608972432e-05,4.480115654287216212e-03
-1.362683976009800708e-08,4.480030763755141893e-03
-1.246411993157539284e-09,4.479976724437948095e-03
-4.105954161130215166e-04,5.609212220721435625e-03
-5.396978485457586214e-04,5.060653359605939670e-03
-1.425765560828672392e-08,4.480016138913094428e-03
-6.279408276589754350e-04,5.244056040539398639e-03
-5.328560798608075947e-08,4.480040690707079443e-03
-7.333263103690091040e-04,5.845067740158633833e-03
-1.458873572580709636e-08,4.479965679768492179e-03
-1.516808137091261598e-04,4.252806476593078838e-03
1.474152178201214544e-05,4.458565352208386859e-03
2.768648529242271663e-07,4.480927606258814852e-03
-2.536279129543702067e-05,4.555049052769969201e-03
-8.708884616324608823e-04,6.224935767898398531e-03
-4.534051179805019009e-09,4.479977219184486971e-03
3.344204445368054645e-05,4.412815450499309351e-03
-9.405571134854466679e-09,4.479972508571967993e-03
-2.780068601517444082e-09,4.479980260724368904e-03
-7.522663189926355384e-09,4.479974894467662547e-03
-5.383943241730574253e-05,4.214705330837829368e-03
-3.643218610580177715e-04,4.520676206261105799e-03
-1.596161946442368355e-08,4.479981223800673373e-03
3.101078088053719648e-05,4.489049263225580386e-03
-1.315289682116164906e-04,5.074586099948622149e-03
-7.222329003657660534e-04,5.588428253797708863e-03
-1.193397380887541912e-08,4.479968035099538698e-03
-1.936860779202799173e-04,4.381350962651069970e-03
-7.441985261192654013e-04,5.972899481047834642e-03
-4.721091285647155574e-05,4.323107850523691918e-03
3.953182227615851945e-06,4.461655843353086286e-03
6.601470148741959303e-05,4.552605116123070728e-03
2.765517617412615890e-05,4.484476736274931041e-03
-7.152736523820512310e-07,4.368563842018837254e-03
