Size 1065,2
0.000000000000000000e+00,-3.036755905732226324e-07
7.901131149233234406e-12,0.000000000000000000e+00
2.721262026561823184e-07,-1.790049659656635662e-06
-1.885031123957635581e-07,-1.781526739101113415e-06
-1.565371780133925748e-07,-7.552945350799077865e-07
2.372977481061668027e-08,-7.147480107285062625e-09
2.030120609965083594e-08,-1.283750879589816260e-09
2.058869870933633282e-08,0.000000000000000000e+00
0.000000000000000000e+00,-2.865505722321102072e-07
0.000000000000000000e+00,-2.729245533539356653e-07
0.000000000000000000e+00,-2.635969039441114397e-07
0.000000000000000000e+00,-2.581790970217963876e-07
0.000000000000000000e+00,-2.559315514966299795e-07
0.000000000000000000e+00,-2.559122656945053196e-07
0.000000000000000000e+00,-2.568030075370640185e-07
0.000000000000000000e+00,-2.574815621415872234e-07
0.000000000000000000e+00,-2.567326374815163468e-07
0.000000000000000000e+00,-2.536311124951936581e-07
0.000000000000000000e+00,-2.474450146874077630e-07
0.000000000000000000e+00,-2.379546606385548453e-07
0.000000000000000000e+00,-2.257322915864845235e-07
0.000000000000000000e+00,-2.110695484504960330e-07
0.000000000000000000e+00,-1.948410770684324061e-07
0.000000000000000000e+00,-1.773258030757868792e-07
0.000000000000000000e+00,-1.591307421351304627e-07
0.000000000000000000e+00,-1.405877551360248350e-07
0.000000000000000000e+00,-1.220260932052304750e-07
0.000000000000000000e+00,-1.036145168434143262e-07
0.000000000000000000e+00,-8.548000865921347389e-08
0.000000000000000000e+00,-6.775900657764806801e-08
0.000000000000000000e+00,-5.042032624224724949e-08
0.000000000000000000e+00,-3.342752414843278355e-08
0.000000000000000000e+00,-1.663876989934775691e-08
2.733948437079242832e-07,-1.753887064372354130e-06
2.748317537025035430e-07,-1.716746922529958202e-06
2.764301803078672128e-07,-1.678565190879624496e-06
2.781844761767449165e-07,-1.639179841658843770e-06
2.799936384959676182e-07,-1.598590782811798971e-06
2.818783940191659513e-07,-1.556689713076315673e-06
2.837659498112188341e-07,-1.513450354740577956e-06
2.855996225469967994e-07,-1.468848105352092255e-06
2.873522573485986035e-07,-1.422848510943331654e-06
2.889553796199309012e-07,-1.375416710060765979e-06
2.903393642272611238e-07,-1.326553511333381535e-06
2.914207741114050556e-07,-1.276272988719737890e-06
2.921165107983741243e-07,-1.224591551053018807e-06
2.923231682603869976e-07,-1.171514399018658186e-06
2.918899607193215172e-07,-1.117187657231351046e-06
2.907073228594968390e-07,-1.061733242928761277e-06
2.885678062921149072e-07,-1.005260717603115460e-06
2.852813476029842661e-07,-9.480592725770294825e-07
2.806512768339277444e-07,-8.904890961723384135e-07
2.744909728206008047e-07,-8.329566241144562779e-07
2.666337575116137458e-07,-7.758254349057601633e-07
2.573390070274987638e-07,-7.200613637372229853e-07
2.459084516084716786e-07,-6.657608494223599658e-07
2.325552655028637295e-07,-6.139184563559373181e-07
2.174916984478131002e-07,-5.651620913175723731e-07
2.009549325407625955e-07,-5.199909539991957481e-07
1.832899474158628842e-07,-4.788286045385606724e-07
1.644109388334431663e-07,-4.417869044087770215e-07
1.444339080473237757e-07,-4.090854827918442921e-07
1.243538817701312973e-07,-3.814662112434749691e-07
1.038713097423530820e-07,-3.581863355073294834e-07
8.379177620109813681e-08,-3.386772787883505428e-07
6.339385810450825462e-08,-3.239459466122472170e-07
4.246255905674119809e-08,-3.134539354475627577e-07
2.198668557867457837e-08,-3.065861308222103671e-07
-1.527967307202436178e-07,-1.780508904682876316e-06
-1.171838356218560370e-07,-1.779693367462757453e-06
-8.168641006273427700e-08,-1.779095534627771840e-06
-4.629457471126622017e-08,-1.778787295278688229e-06
-1.100828056519858279e-08,-1.778807266388914873e-06
2.419893238951599077e-08,-1.779099619861335347e-06
5.943041954071681075e-08,-1.779751583223377527e-06
9.462203632766919994e-08,-1.780748504502230114e-06
1.299373584735764739e-07,-1.782069292488083302e-06
1.653243080441465474e-07,-1.783686483739052506e-06
2.008187448399516899e-07,-1.785586284834112846e-06
2.364221608765032575e-07,-1.787717047122940855e-06
-1.896254972858226209e-07,-1.745258267851559451e-06
-1.908792831608832069e-07,-1.708017422817744754e-06
-1.922553504887690289e-07,-1.669704682532215066e-06
-1.937098473620910535e-07,-1.630220384887138593e-06
-1.952025972326298151e-07,-1.589493787739494703e-06
-1.966846393091788624e-07,-1.547462350764553553e-06
-1.981047651210299775e-07,-1.504084115378149393e-06
-1.993968597753171691e-07,-1.459317521437436905e-06
-2.005107426721405805e-07,-1.413165589388097455e-06
-2.013801765891218411e-07,-1.365578439979194365e-06
-2.019104771026210551e-07,-1.316581169960503181e-06
-2.020499338915174843e-07,-1.266093912464737100e-06
-2.016370040042495202e-07,-1.214149378225692269e-06
-2.005779485181984065e-07,-1.160858934040085283e-06
-1.987460506477432417e-07,-1.106259582352090235e-06
-1.959571250071690379e-07,-1.050374758077585521e-06
-1.920150024002045882e-07,-9.933449486137967892e-07
-1.866421343527203161e-07,-9.352387869654035176e-07
-1.794537052773450058e-07,-8.761533262118264911e-07
-1.698057515267487484e-07,-8.161415323175568869e-07
-1.415949254011386152e-07,-6.953630252917526263e-07
-1.275925801914990433e-07,-6.373093063806504698e-07
-1.130393776679500933e-07,-5.818362586132581064e-07
-9.891299245907883871e-08,-5.308990523879029980e-07
-8.315581038596029596e-08,-4.837542967965244192e-07
-6.666091815746768403e-08,-4.411661813992121762e-07
-5.050211828152554389e-08,-4.036738941833252513e-07
-3.271872803760455313e-08,-3.685604395539884695e-07
-1.611471750331868500e-08,-3.352638908143530678e-07
-2.102726148519502885e-09,-3.030554164959228185e-07
1.004737620016218337e-08,-2.719765418688038944e-07
1.873985417800749848e-08,-2.388957964754516090e-07
2.334595808291784779e-08,-2.065355482778098318e-07
2.601082074969138426e-08,-1.755890468950929412e-07
2.667832704997676442e-08,-1.452189324899437253e-07
2.589180063330160041e-08,-1.183196125213260800e-07
2.472114344011044735e-08,-9.349149109057575516e-08
2.375629368405635881e-08,-7.227513537144324750e-08
2.351146187175853640e-08,-5.448913491970129556e-08
2.335068978936418663e-08,-4.001538414194736416e-08
2.336852177393105767e-08,-2.887054243499298308e-08
2.348530929295678789e-08,-2.052872208623035495e-08
2.370900727020398299e-08,-1.435435612730220293e-08
2.373187907731726156e-08,-1.011060700131702288e-08
2.368048705695432731e-08,-5.161899198925719325e-09
2.364380624963543679e-08,-3.804336322022697164e-09
2.355712642832949110e-08,-2.889132621145362271e-09
2.347059242662147258e-08,-2.261939742287834571e-09
2.335128347494078949e-08,-1.856860546222726578e-09
2.317458575131054214e-08,-1.602931817207218022e-09
2.298367930794502136e-08,-1.436037437547086167e-09
2.277275838092364070e-08,-1.340437144563301344e-09
2.254987793898430019e-08,-1.294304542679831017e-09
2.232294351734016498e-08,-1.275424298515429644e-09
2.209501462795980486e-08,-1.271599342686344095e-09
2.187238599938067287e-08,-1.280307913576255710e-09
2.165519094866455810e-08,-1.292591103528973267e-09
2.144604640093778177e-08,-1.305601074748622346e-09
2.124634901458402059e-08,-1.317121005785480294e-09
2.105731304291511129e-08,-1.323649919426314190e-09
2.088015616986415843e-08,-1.324866782625919103e-09
2.071547626250313703e-08,-1.320749044309701648e-09
2.056396601586931161e-08,-1.312018788615974811e-09
2.042590941735834343e-08,-1.299251033904147397e-09
2.058467003360250779e-08,-7.584111595391184006e-11
2.057322524613079799e-08,-1.527482277379923251e-10
2.055414428908649130e-08,-2.323836347936896663e-10
2.053032454965120367e-08,-3.164586007715825253e-10
2.050115902737124812e-08,-4.053391481648050536e-10
2.046910541803439689e-08,-4.995488444639199827e-10
2.043707318460346207e-08,-5.993397132715876975e-10
2.040682585637336402e-08,-7.053408081956026420e-10
2.037740636766072372e-08,-8.165967577810040417e-10
2.035256156285163257e-08,-9.309473588685919761e-10
2.033250336932958352e-08,-1.048158355694574089e-09
2.031644603025061502e-08,-1.166204887245185019e-09
5.711721675809180663e-09,0.000000000000000000e+00
1.115463812702202365e-08,0.000000000000000000e+00
1.622828025642598134e-08,0.000000000000000000e+00
2.082231165114691936e-08,0.000000000000000000e+00
2.486717013163571101e-08,0.000000000000000000e+00
2.824800588849884383e-08,0.000000000000000000e+00
3.096882714273713376e-08,0.000000000000000000e+00
3.305856650576577400e-08,0.000000000000000000e+00
3.435041781151249864e-08,0.000000000000000000e+00
3.502169819923033221e-08,0.000000000000000000e+00
3.515260312344437782e-08,0.000000000000000000e+00
3.483322190023608518e-08,0.000000000000000000e+00
3.416540234371984651e-08,0.000000000000000000e+00
3.325633256030875106e-08,0.000000000000000000e+00
3.219988926430357977e-08,0.000000000000000000e+00
3.107638834206492953e-08,0.000000000000000000e+00
2.995987169071873449e-08,0.000000000000000000e+00
2.887982750901863851e-08,0.000000000000000000e+00
2.786624756057976396e-08,0.000000000000000000e+00
2.693662787583572871e-08,0.000000000000000000e+00
2.609320305448855017e-08,0.000000000000000000e+00
2.533693312538271275e-08,0.000000000000000000e+00
2.466325086501144739e-08,0.000000000000000000e+00
2.406654691620178403e-08,0.000000000000000000e+00
2.354108158128864353e-08,0.000000000000000000e+00
2.307800071216314677e-08,0.000000000000000000e+00
2.267041079928942780e-08,0.000000000000000000e+00
2.231180507540025470e-08,0.000000000000000000e+00
2.199605028456919884e-08,0.000000000000000000e+00
2.171777808637013813e-08,0.000000000000000000e+00
2.147213645764732442e-08,0.000000000000000000e+00
2.125443191149450176e-08,0.000000000000000000e+00
2.106106563330025679e-08,0.000000000000000000e+00
2.088775709476777011e-08,0.000000000000000000e+00
2.073137506549087943e-08,0.000000000000000000e+00
4.304510650748937451e-08,-1.745788470483967706e-06
2.058853013827143079e-08,-5.657983331223762932e-10
2.212971495694926469e-08,-6.721697401037395599e-11
2.464110798686399544e-07,-1.488393419185980447e-06
-5.647454534221554979e-08,-3.980829120298462683e-07
2.711117189472948033e-08,-6.875416975436142735e-08
2.327269297253169504e-08,-6.445076114118162396e-11
2.482941484817000872e-07,-1.347785184177767308e-06
2.134682188983015548e-08,-1.187302311268830516e-09
-1.604403789672355193e-07,-1.524635846413064503e-06
2.476085570945403499e-07,-1.193889351387841279e-06
2.506624563713890383e-08,-6.307530450327348065e-11
9.620012279380650230e-08,-3.557434197589556514e-07
2.687665552013848701e-08,-9.027557615685549117e-09
-1.607034513037845032e-07,-1.388029475244550664e-06
2.198480959819085692e-08,-1.134334104717209837e-09
2.734471804408745655e-08,-1.665295900405710392e-10
2.426900955207621411e-07,-1.027626438917116129e-06
1.454273856370457135e-07,-4.461302332376563056e-07
3.385026580410826602e-08,-6.424323164014651221e-09
-1.580679235237819291e-07,-1.237750449428314032e-06
2.274236206575910409e-08,-1.135358483516328600e-09
4.599636071107387341e-09,-9.365278216513165543e-08
-1.796862153402084671e-09,-2.577294717563584466e-07
2.296915825590887907e-07,-8.539251965862872097e-07
3.046612153977605872e-08,-5.553450566013027026e-10
2.747230204479514526e-08,-1.856401186544064430e-08
-8.728518599746610438e-08,-5.877802004976176396e-07
2.355196451118540259e-08,-1.457913220288304142e-09
-1.506270950733047359e-07,-1.074901929435665023e-06
-3.193752924892230692e-08,-3.413239681600105946e-07
2.398228426861228978e-08,-1.141547894872579737e-07
2.786428379421290716e-08,-3.843895345789067787e-08
-7.462906515891663926e-08,-4.831777118791476963e-07
-1.346214724469329276e-07,-9.007143443463809469e-07
2.469118931964853559e-08,-2.841287637987589563e-09
2.423213719409161325e-07,-1.620479207307523833e-06
2.134718549274974910e-08,-6.920812818574794748e-11
2.031619521548703800e-07,-6.800398202144019083e-07
3.368515254952071339e-08,-1.714815028963693722e-09
-1.051150309726001834e-07,-7.146508505538078458e-07
2.606787610789307729e-08,-8.213450043057156329e-09
2.101511278941846685e-08,-1.653049551441407670e-07
-5.325730082194498085e-09,-2.826637692556244634e-07
3.303614494521266528e-09,-1.491400151488965855e-07
-5.080862835034809914e-09,-2.589985204567286433e-07
1.334916542052896256e-08,-2.260040449795860769e-07
2.081545003037377691e-08,-1.197919838882947017e-09
-1.591876023512920071e-07,-1.649061499675660615e-06
-2.738359333927961185e-09,-2.441182655303695188e-07
7.286546922803510062e-10,-2.037287126233682048e-07
1.503836733050781166e-07,-1.753471179308468627e-06
2.066559477709480745e-08,-2.927958434996597648e-10
1.844209649567468312e-07,-5.770972769948644607e-07
3.501992347497927442e-08,-3.072964628599580175e-09
5.981374144090535423e-08,-3.153567210833383043e-07
1.891480168951032309e-08,-1.242884524233770303e-08
2.048809315134425813e-08,-8.805423917615564272e-10
-6.652996894266990595e-08,-1.750167349509737042e-06
5.053620363034787238e-09,-2.629564960420986111e-07
4.884410470174949439e-09,-5.835020255556218802e-08
2.097355920585142091e-08,-7.806455158930750507e-11
2.415086051405197140e-07,-1.690427862001420266e-06
1.188180129780566981e-08,-2.802157307478680201e-07
4.854792582005841702e-09,-2.557336692932964036e-08
-1.588065783703633877e-07,-1.727000020101241625e-06
2.050490622642077463e-08,-1.202336530427857369e-09
2.187675906297295685e-07,-1.759245897621781660e-06
2.069000255134283041e-08,-1.213192443559413274e-10
-1.882176263465529605e-08,-3.142223208500297654e-07
-2.905364690202259712e-08,-3.176988672076765030e-07
-3.867543954001792604e-08,-3.382530924935499462e-07
-3.343756722421223072e-08,-3.158546992639086905e-07
-3.833121774569444221e-08,-3.314430398187787550e-07
-3.179485913862011741e-08,-3.098091205128483040e-07
-3.209295550668809832e-08,-3.223314483881546084e-07
-2.627997057938620415e-08,-2.993441505731192724e-07
-2.603553889865460654e-08,-3.021610070109074555e-07
-2.247359305943858748e-08,-3.126587193359520675e-07
-2.800069925215575640e-08,-3.358713541379892283e-07
-1.468186650239175884e-08,-3.250662347455153958e-07
-1.895056104634108762e-08,-3.508448547061299321e-07
-2.171372697656360080e-09,-3.395724837989656506e-07
-4.451043341133418133e-09,-3.678940679202351527e-07
-4.686067503266996317e-10,-3.158164925491664645e-07
1.525159489265869738e-08,-3.566840750350323830e-07
1.542698949685331038e-08,-3.876373668205980777e-07
-1.826585216973891295e-08,-2.943858741386387457e-07
-2.615058675313835980e-08,-2.928645869703520002e-07
3.752353968928968484e-08,-3.767393559072095693e-07
4.023283804680520927e-08,-4.106072891194035428e-07
1.549036181926698325e-08,-4.240051854063652212e-07
4.220152827424323337e-08,-4.492721715056237574e-07
1.495325999493409624e-08,-4.652732435959850290e-07
4.361035789877079440e-08,-4.926204352546149967e-07
3.413048082957421123e-08,-3.480013862867058207e-07
1.348542766758064642e-08,-5.113962900110720725e-07
4.399497731421184198e-08,-5.403820839606821746e-07
1.134635809703898903e-08,-5.614359229397401811e-07
4.368150848089586421e-08,-5.921284832362722158e-07
7.194342768164712877e-08,-4.786630301334523759e-07
8.326949341988476464e-09,-6.159201130747714217e-07
4.276577407558932743e-08,-6.473453233518229808e-07
-2.555629611932048480e-08,-3.830808610355617912e-07
7.896772838610975375e-08,-6.246251901140135174e-07
7.995171291587657015e-08,-6.805239322461699870e-07
4.141547584552977461e-08,-7.050451493136851085e-07
7.981509118948894942e-08,-7.382530974389009157e-07
3.975727404648026916e-08,-7.641936360374339033e-07
7.671036384963234239e-08,-7.971562212098431770e-07
3.749417816134295683e-08,-8.245418008542128369e-07
7.528913036576003837e-08,-8.569121137953864932e-07
3.514400738459517651e-08,-8.850024348790963590e-07
7.347998256052695898e-08,-9.164184040213889357e-07
3.301127886504624724e-08,-9.446334574704799531e-07
7.260487658835715264e-08,-9.754736430150001254e-07
3.078916202533482557e-08,-1.002787898084637537e-06
7.064636540580685103e-08,-1.033551919146506538e-06
2.879764485304044227e-08,-1.060303638377819576e-06
6.951706529148297356e-08,-1.090511522776190769e-06
2.713702487374728887e-08,-1.116458175944018885e-06
6.773437205956809729e-08,-1.145967103091508473e-06
2.491909589469419766e-08,-1.171924284184099174e-06
6.589405848773258867e-08,-1.200305628769186863e-06
2.354166669236140520e-08,-1.225693854042315136e-06
6.385589883410866717e-08,-1.252994815556783603e-06
2.311701743783041054e-08,-1.277371085313011789e-06
6.162314147437093277e-08,-1.304235427267892188e-06
2.360959166655150092e-08,-1.327771486370443852e-06
5.952987468768871604e-08,-1.354742586697504345e-06
2.210264353449001030e-08,-1.376931271259593721e-06
5.803286657731327608e-08,-1.403113820847013157e-06
2.163386440935122734e-08,-1.424447026371311065e-06
5.676725731789098921e-08,-1.449062720939003891e-06
1.984816022244455817e-08,-1.470308465688152680e-06
5.538428282173918560e-08,-1.494345692876771189e-06
1.850844418818640040e-08,-1.515020161960149828e-06
5.358339177489923733e-08,-1.538167161358550251e-06
1.806409024757086698e-08,-1.558204126097342828e-06
5.239853020590795954e-08,-1.580598141373504351e-06
1.723037370793254406e-08,-1.599897453587426982e-06
8.777898966710773841e-08,-1.561433353634988797e-06
8.646242547596553795e-08,-1.602922652817417017e-06
-1.680953264544075291e-08,-1.578425595119837786e-06
9.349847962583786179e-08,-1.429776245077738956e-06
-1.329265353066664823e-08,-1.444895276586054411e-06
-1.756661116782771291e-08,-1.619355799249475314e-06
1.003326532029154389e-07,-1.283456162221333607e-06
-1.302590292232714904e-08,-1.302373562339535948e-06
-1.812347778260228042e-08,-1.146355727998007849e-06
1.214891814518813091e-07,-1.584446886172381220e-06
1.196267877135025025e-07,-1.625310507141203806e-06
1.234472909842851602e-07,-1.542701654927593121e-06
-5.135701801088967429e-08,-1.598502551249258784e-06
-5.118862170973972364e-08,-1.557316058643676343e-06
1.098013597363119076e-07,-1.121472534695466437e-06
-1.066291500404222515e-08,-9.761035353522368221e-07
8.451350880885398298e-08,-1.643368379617217212e-06
-8.597795155349458840e-10,-7.954907186720468943e-07
-5.136673421727553206e-08,-1.638853230363659042e-06
-1.836359806352498199e-08,-1.659210430052057233e-06
1.112211920522131710e-07,-9.427280216529167056e-07
5.827815762576869249e-08,-3.686076123245576505e-07
1.552452249314637390e-07,-1.566175284855652412e-06
1.148204003571258462e-07,-7.719247681678151510e-07
-1.131688779501430318e-08,-4.864905868424632762e-07
1.614344829562966667e-07,-1.524340528644502512e-06
1.169091172531849299e-07,-1.666465772896358834e-06
1.521747258982036431e-07,-1.647849044091033968e-06
-8.599371282384353746e-08,-1.577885946411356483e-06
5.167520564147843302e-08,-3.418643171316788503e-07
8.118236576088467305e-08,-1.684641906526467301e-06
1.896324036971337314e-07,-1.556085778939646356e-06
-8.606606713691718763e-08,-1.536131920744971361e-06
3.009484193117229482e-08,-3.236258297440943606e-07
4.451748743610485950e-08,-3.195681104294537728e-07
2.552424942647604058e-08,-3.034001017160805678e-07
3.663815779747756327e-08,-3.015350329917074619e-07
2.030815837534265895e-08,-2.877611394180264094e-07
2.699140513337170354e-08,-2.856893530862598714e-07
1.069814910350033267e-08,-2.906792683891217987e-07
8.045421196576629165e-09,-2.770941437356669567e-07
-5.131536644823793499e-08,-1.677852073517259895e-06
-1.868335609908896508e-08,-1.697561253706720041e-06
-8.511558624968494404e-08,-1.658327118161106489e-06
1.173246221102703807e-07,-6.586613863418979090e-07
1.146622493597937760e-07,-6.059020156539382307e-07
1.813432000363308935e-11,-2.809291354470232266e-07
1.391704615648707343e-08,-1.679634758645852525e-06
1.481737107979706755e-07,-1.687415044170196951e-06
-2.585656593309008335e-08,-5.876436734260539951e-07
-2.708429410131748925e-08,-6.504722414651505289e-07
1.256597820748879347e-07,-1.499481855382932726e-06
1.669891430711621263e-07,-1.481372672727709604e-06
-5.113384089324455198e-08,-1.514416216944510785e-06
-8.601675822857909769e-08,-1.491179475043568189e-06
-9.917327864610944252e-11,-2.692988646742572491e-07
-7.067697913959256473e-09,-2.734745972216382666e-07
1.831234228396735414e-07,-1.668563040064747169e-06
1.869169173729792542e-07,-1.628823786992385990e-06
1.819982934916506296e-07,-1.708367177165285636e-06
-8.388859668371045772e-08,-1.695234677155490677e-06
7.618025500584615170e-08,-3.631286599438802088e-07
8.679314951435256438e-08,-3.924720061531181367e-07
5.790482099752729299e-08,-3.189941595722376966e-07
-1.851096602142459845e-08,-2.943377297292303525e-07
-1.891194350520900222e-08,-2.826782716692320120e-07
-1.112575422557612765e-08,-2.741976763344848345e-07
-1.276705774103247259e-08,-2.670991541633715901e-07
-1.736139722753315003e-08,-2.736835142649235184e-07
-6.550375831733792186e-09,-2.553838755271840177e-07
-8.087523584715028784e-09,-2.529615183033285442e-07
-3.207590657039615846e-09,-2.401130626803506679e-07
-4.502682998429014167e-09,-2.404738173537969381e-07
-7.349926128437962883e-10,-2.267850141130126181e-07
2.300252516040870655e-09,-2.231521791178821306e-07
3.373829987512927920e-09,-2.100804207686756770e-07
7.333634357349201727e-09,-2.030137071164413180e-07
7.320769361306919502e-09,-1.915456353138951235e-07
-1.477032560573502357e-09,-2.273336611734654957e-07
1.226686480449345504e-08,-1.799282186887809792e-07
1.107312659665118902e-08,-1.717031856341535781e-07
7.252201076708304331e-09,-1.805544776650563093e-07
1.036972836899251997e-08,-1.629292693152216031e-07
1.445497652953191473e-08,-1.521529393172559949e-07
1.297433809019967940e-08,-1.447330062857803385e-07
1.730401638503506450e-08,-1.333106384632103488e-07
1.630592772449299232e-08,-1.252839761169016816e-07
2.028699317132836761e-08,-1.147452692940516525e-07
1.891881492918391910e-08,-1.085413809154276625e-07
2.294725155951034719e-08,-9.743988743951118675e-08
2.086970013651271140e-08,-9.238953972775697451e-08
2.513305003651538871e-08,-8.149288022921627607e-08
2.355858492382130718e-08,-7.529192792622163071e-08
2.710199124178486049e-08,-6.638978991418326075e-08
2.528404773256876120e-08,-6.060016320988415890e-08
2.861531779717305784e-08,-5.268195701866174159e-08
3.003626581183612121e-08,-5.679778562692483607e-08
3.121372657296697623e-08,-4.470459936070480846e-08
3.210421625049769581e-08,-4.725416399116553915e-08
3.305546086707038008e-08,-3.669248475106229192e-08
2.141551696103072349e-08,-6.800811416777442232e-08
3.343677653188649587e-08,-3.805180180699314559e-08
3.413604161376891307e-08,-2.932109594240129220e-08
2.306513143174154452e-08,-5.355172057736094242e-08
3.212874869257327501e-08,-3.336720482792582531e-08
3.392797931205182911e-08,-2.928364763274221693e-08
3.451253275029671153e-08,-2.274721765946801107e-08
3.387455331225954672e-08,-2.243729919483405566e-08
3.434657837693671664e-08,-1.720931584711130105e-08
3.334077937464005166e-08,-1.647327953316876409e-08
3.379574547520050678e-08,-1.258405212692527367e-08
3.252539642766345653e-08,-1.173635878116510595e-08
3.293599868371533747e-08,-9.004140648788311191e-09
3.157526004435468838e-08,-8.252984720425985718e-09
3.196232006765798224e-08,-6.272033331943450973e-09
3.064711430800164706e-08,-5.662843549850710189e-09
3.098866700536859092e-08,-4.252522671245515437e-09
2.970173561687155823e-08,-3.820113026038022010e-09
2.999315267465672459e-08,-2.844870306387487462e-09
2.874426634805257914e-08,-2.551734947712744859e-09
2.901792474848765296e-08,-1.873361631579581879e-09
2.788396011553886468e-08,-1.696206387830219976e-09
2.810815315954184698e-08,-1.224879949408704206e-09
2.708863679209060016e-08,-1.130157663320462079e-09
2.677342631349582507e-08,-1.503648062684534767e-09
2.610520451981943790e-08,-1.031465275811485377e-09
2.634788064019932051e-08,-7.653715961948718935e-10
2.549217476508104726e-08,-7.366647067317327923e-10
2.566890164363457289e-08,-5.394039413921979035e-10
2.492928813063913247e-08,-5.535192624107803405e-10
2.505264308983950541e-08,-4.026352130038813004e-10
2.441592553600944132e-08,-4.452576167120587744e-10
2.425457004470456895e-08,-5.971052750357825533e-10
2.383753234702182266e-08,-5.094875136012595658e-10
2.393491615664165928e-08,-3.891327967526305105e-10
2.343384471062689030e-08,-4.692733647723109586e-10
2.349329506314060403e-08,-3.641321069172180602e-10
2.306243520671002104e-08,-4.524585971490855456e-10
2.309335432135232997e-08,-3.564641647029264805e-10
2.271957233490500876e-08,-4.487269953982069326e-10
2.273066624463466883e-08,-3.574570553876504250e-10
2.240447432863388654e-08,-4.511943688832004980e-10
2.240148765767554521e-08,-3.610232419052734039e-10
2.211555389385694918e-08,-4.556634210771121392e-10
2.211216240990442100e-08,-5.538860904728425891e-10
2.185642068723977363e-08,-5.575275465691756428e-10
2.185178685927128691e-08,-4.598021304503820396e-10
2.162327106241482857e-08,-5.577245844456009786e-10
2.161223523222283145e-08,-4.606786411662983450e-10
2.140803129734725551e-08,-5.538804711746600377e-10
2.139589590238267395e-08,-4.556073899888294394e-10
2.141643948790816211e-08,-6.568694041963187240e-10
2.122402536614782218e-08,-6.479832979593902902e-10
2.123283108857587775e-08,-7.557726519665423770e-10
2.185485642688903448e-08,-6.624247072735416315e-10
2.268223208713048622e-08,-5.523974143084234874e-10
2.105638137383743451e-08,-7.426708709222743596e-10
2.159139888929560890e-08,-3.692744066886223076e-10
2.137413002707455295e-08,-3.629767296214435157e-10
2.120024047680545542e-08,-4.448660002804571398e-10
2.117802327653324197e-08,-3.517156843616280266e-10
2.350650712051535639e-08,-2.762442056762873445e-10
3.483747724175813811e-08,-1.672585569088159339e-08
1.485720714617686152e-08,-1.184809207374375528e-07
2.106833718925839676e-08,-8.545276225807418772e-10
2.573890716021077281e-08,-1.344449466724144911e-09
2.102253541996632004e-08,-4.286622232830728313e-10
2.334013201007743381e-08,-5.957687336995540500e-10
3.078720779595091093e-08,-6.000542562153442665e-08
2.829283998575809316e-08,-3.242828210774793762e-09
1.884386542676465953e-08,-6.002379220873927429e-08
2.155965503237398143e-08,-2.816274590855827956e-10
2.179784318865282968e-08,-2.867400864612125881e-10
2.090499843922521938e-08,-8.345441995440040622e-10
2.124362222564088856e-08,-8.679892003402011585e-10
3.129010071455127986e-08,-2.901190363134638505e-09
2.573840815979849251e-08,-3.762284177323369753e-10
2.271521013718787748e-08,-2.758679843847240026e-10
2.089362327808724347e-08,-7.215170706219597733e-10
2.402618428993124365e-08,-1.012896361939238842e-07
1.690297156606742679e-08,-7.726321520664936498e-08
3.399191460613950009e-08,-9.299038601931273319e-09
2.049530479758829249e-08,-4.552141288858931018e-08
2.452112377184758094e-08,-3.985228756917158486e-08
2.509308049660824776e-08,-2.805263545541852789e-10
2.108479677687988295e-08,-9.710221758962302313e-10
2.100060342163409155e-08,-3.347646284579840028e-10
2.570370726789642634e-08,-2.460220420437484679e-10
3.328894227625378963e-08,-2.724754404222925153e-08
1.626782110891944358e-08,-5.064999620398353212e-08
2.086096928762373274e-08,-4.069155506041146669e-10
2.087585989097820026e-08,-5.038687293473535316e-10
3.083143988938191215e-08,-1.044614512448401802e-08
2.237630693778384175e-08,-2.793892798180471506e-10
2.267367727991895626e-08,-2.004426694581205059e-10
2.114802818176389439e-08,-2.615018971308452692e-10
2.209784755149274068e-08,-6.614759268599164536e-10
2.184839448061871804e-08,-7.778521297290181479e-10
2.207961614790498221e-08,-7.802671718824185830e-10
2.629341227140683453e-08,-1.922487432876217392e-09
2.527819323903765923e-08,-1.701310189396672462e-09
2.483997825277871468e-08,-1.250875096673107096e-09
6.710027397010278758e-09,-1.707413998610374441e-07
2.304740379028054593e-08,-2.012435132483609013e-10
2.184917659033330202e-08,-9.004441795120765074e-10
2.163325715687576113e-08,-8.949489815767826455e-10
2.911851198114688707e-08,-1.271435390512552380e-09
2.818201038364785740e-08,-8.122953502866434597e-10
2.097285981593647185e-08,-2.435609700114615320e-10
2.075379554809466748e-08,-8.082252512174701150e-10
2.077318450369006699e-08,-9.132585469472306621e-10
1.843508896863533732e-08,-1.399660837267844781e-07
2.644341631384950746e-08,-3.501423648474332380e-10
2.175219537549258191e-08,-2.038648287098272093e-10
2.201228885561554300e-08,-2.079224759224339287e-10
-7.628843095837087473e-09,-2.509997043692000583e-07
2.074127846486207036e-08,-6.998189395982795308e-10
2.198562238110506188e-08,-3.206006417510768807e-08
2.167766337123871093e-08,-1.022899708365229932e-09
2.125995787422035499e-08,-9.861144472273819814e-10
2.110811339905579904e-08,-1.089606549228572250e-09
2.151069264034962987e-08,-2.011460325782319558e-10
2.908097478295340838e-08,-7.484042619909116244e-10
-2.206426909774481497e-09,-2.586786511137784031e-07
2.583237691679887556e-08,-2.770281761549699856e-08
2.797063015458290470e-08,-3.431902034048778046e-08
2.898552238992691767e-08,-2.321082704290543780e-08
2.449613628818074566e-08,-1.652874872595774324e-09
2.110648167766331127e-08,-1.710003027231733884e-10
4.173791893246685414e-09,-1.858483659995887541e-07
3.870990779093445875e-09,-1.747759359955691795e-07
2.060900244911114917e-08,-7.713205529826725126e-10
2.072688311449481992e-08,-4.761034358734091923e-10
2.207229997578986315e-08,-9.084113123939635868e-10
2.232622568482335502e-08,-7.859765376161510902e-10
2.230148881501552109e-08,-9.279483119542915436e-10
2.258476851616625649e-08,-7.981803314156184439e-10
2.252906914167912632e-08,-9.537860816144443663e-10
2.285440237294773298e-08,-8.236657521767882339e-10
2.504460958162968334e-08,-1.813819075004631346e-10
2.450343176674309076e-08,-2.294360931370407680e-10
2.444190599518742141e-08,-1.475363190886819719e-10
-1.185820514504384322e-07,-1.676794597547153606e-06
2.091884826909820970e-08,-1.070515875563571871e-09
2.167285351362486198e-08,-1.351983559880169091e-10
-4.567216553111598537e-08,-3.579227187560497281e-07
1.224615340968775590e-08,-1.946951952548104102e-07
6.966877359999230321e-11,-2.393900181807538538e-07
2.565297361264442149e-08,-2.392398816746085965e-09
2.632154359571237793e-08,-1.900812170732700585e-10
2.215735804978339478e-08,-1.407890746395565494e-07
1.779142437115883578e-08,-1.586381465525322649e-07
2.538693468999532492e-08,-9.098141753750249454e-08
2.691038888976703862e-08,-8.512675323195259668e-08
2.928907603147132667e-08,-6.864139700098154890e-08
2.803824832407170433e-08,-7.988511809068344813e-08
2.428116109208226448e-08,-1.067802208003581343e-07
2.745640316772952434e-08,-5.100434768677398218e-08
3.036633742309191850e-08,-4.700272545499714375e-08
-6.723043354866190852e-08,-4.408191582094046124e-07
-5.502768890934283618e-08,-4.416669867016522181e-07
-5.301482198665025593e-08,-4.072432949743783392e-07
-5.455816079573175090e-08,-4.803737767088602134e-07
-3.651305524351283872e-08,-4.413941176964079528e-07
3.118469094971824002e-08,-3.669645166224046887e-08
3.201339332264208221e-08,-4.456603359430735059e-08
2.859650634517457428e-08,-2.764841139112865264e-08
3.027938217219200968e-08,-2.236820294597120345e-08
3.006940646643383958e-08,-1.671092130917914346e-08
-9.131192009579658577e-08,-6.491398029875391144e-07
2.730909705310736540e-08,-1.246989073473326600e-08
2.811816410497820959e-08,-4.636294093261115046e-10
-1.217585567492748922e-07,-1.556036533904706229e-06
-1.214484268501914538e-07,-1.597572566548785416e-06
1.075346934701660732e-07,-3.883030923531632893e-07
5.838899485839090205e-09,-2.666914321365783662e-07
2.186969801784916230e-07,-1.653280503483931327e-06
3.121366385619571216e-08,-5.517874181798257669e-08
2.074244395150490933e-08,-5.840527255786651623e-10
1.563621464932279016e-07,-6.416387873002359243e-07
1.597605383955273174e-07,-6.959694846477151217e-07
2.058725271476816085e-07,-7.359767528895136351e-07
3.004774881685243993e-08,-1.250361129576703226e-09
-1.168737929231580661e-07,-1.716190473384202113e-06
2.344858410028221931e-08,-1.901844176006544769e-08
2.088600258001686493e-08,-6.120886097151409320e-10
-7.808810252839596438e-08,-5.293501054388876027e-07
-5.453876987596799509e-08,-5.453360732771872774e-07
1.313271463607443596e-08,-1.717859979284727460e-06
-1.591385977720876975e-08,-1.735555933976090356e-06
4.553894202610766281e-08,-1.703025153549944523e-06
7.840760088005762493e-08,-1.725623826183958270e-06
1.116230979643452113e-07,-1.710693461998448434e-06
4.870334015701937311e-08,-1.662223908399158194e-06
2.547993016614570588e-08,-5.758410470651395629e-09
2.760004573338315531e-08,-6.604456671533036591e-09
2.669464404960759049e-08,-4.660230796040743003e-09
2.830514267158439894e-08,-5.288818577365480853e-09
-1.156694606948741748e-07,-7.773950667349279863e-07
-6.761074952959723728e-08,-7.408502543962073256e-07
-7.884714817425782383e-08,-8.044167537325418066e-07
2.849527204611722703e-08,-9.600911616926634285e-09
2.396922773749682431e-08,-2.028788177774593130e-10
2.391279395410282919e-08,-1.273834676094819993e-10
3.072984957014942363e-08,-2.880126604764165899e-08
3.149268256243553560e-08,-1.819523311758917681e-08
3.282668989947802139e-08,-2.330158436885719820e-08
2.962754419484419247e-08,-1.359211691042890565e-08
3.373105088992548022e-08,-2.679440468410253811e-08
3.420126968556271180e-08,-1.871407386650172307e-08
3.345684484169536548e-08,-1.457477702197838065e-08
3.457895394522955926e-08,-1.133331516855983523e-08
3.489724092672122640e-08,-1.465248551212357797e-08
3.509108668841021283e-08,-8.580598322132612121e-09
3.501813772002323901e-08,-1.110280435101837338e-08
2.297431584798554063e-08,-1.303966421414805814e-10
2.258178304887562445e-08,-1.320322502503379682e-10
-4.614216277938605311e-09,-2.637568822061260958e-07
-1.029963638945507622e-08,-2.681059313949412281e-07
-6.148536818626246818e-09,-2.607695251000086466e-07
-1.049066922551648194e-08,-2.643731890591815088e-07
-1.594026374978030711e-08,-2.734056822617238810e-07
-1.427405087607501738e-08,-2.681238715170007550e-07
2.502018199108093843e-08,-4.095282197984242971e-09
2.144089988321263358e-08,-1.032756415098265659e-09
2.143145897594461092e-08,-8.855482382870053437e-10
2.104817539238950883e-08,-6.325056147548022928e-10
5.069705575558218305e-08,-1.621633587282670179e-06
2.449145840395540360e-08,-3.281210684036560444e-10
7.708243068641025463e-09,-2.182516127844360576e-07
2.135791063128383812e-08,-1.184643065850433996e-07
-4.484652228833450617e-08,-3.686038335221889161e-07
-6.436739892445541253e-09,-4.010726142631069989e-07
2.408812844729113151e-08,-1.240891669736187740e-09
2.443001752717368549e-08,-9.643224016007621706e-10
2.381202100698959527e-08,-9.936549850473750669e-10
2.404185476072559474e-08,-7.799826706567436995e-10
2.349980588219725143e-08,-8.588114208323269918e-10
2.336566877514473722e-08,-1.062717372398388572e-09
2.471987962113592413e-08,-7.392615639601151988e-10
2.369130308251488335e-08,-6.672883730187459691e-10
6.095625053039911959e-09,-1.577068099781258469e-07
2.632197039503642949e-08,-8.565391856870111128e-08
2.219673098690319290e-07,-7.943477974533242166e-07
1.819342795858224382e-07,-8.197266185092516226e-07
1.872066617747313841e-07,-8.781195468725812329e-07
1.436912387961162375e-07,-8.499866687156843288e-07
2.071250100011407946e-08,-3.899022419690114434e-10
-3.455829100919815008e-08,-3.624331358740488913e-07
-3.902583119613939652e-08,-3.471534288419836540e-07
1.952816917335993855e-07,-6.267821466948308749e-07
2.098248870159164852e-08,-1.204112107725440653e-09
2.072958454794467464e-08,-1.090348067126145990e-09
2.064375838597233882e-08,-1.203363351184260113e-09
2.055870500292844859e-08,-1.082625120458140175e-09
6.150015232919486694e-09,-6.753632192655304402e-07
2.824017581400959065e-08,-7.093491478861299087e-08
2.725734508727067933e-08,-8.015566550277779241e-10
2.210024055900177560e-08,-3.675926514002688527e-10
2.062872240531843697e-08,-8.890405405713255730e-10
2.083510215055814137e-08,-3.149077288635391635e-10
2.080361887216358384e-08,-2.308036520380763727e-10
3.269309009242784070e-08,-1.225155852241200847e-09
3.304078975147066378e-08,-2.799616823238066125e-09
3.396837923721693225e-08,-3.917978145329864384e-09
3.319663487558391182e-08,-4.551870778685161343e-09
3.189573476993483490e-08,-1.964920728298261611e-09
1.572324608049716625e-07,-4.851527431026140421e-07
1.213515958907333360e-07,-4.531785958238190805e-07
1.309034265437539662e-07,-4.965847410002791598e-07
2.675815601976290710e-08,-4.689826402187956802e-08
2.413786901037560973e-08,-2.178340183412715310e-09
-1.408558981376254117e-07,-9.595445429705702542e-07
-9.248633844145289293e-08,-9.270141161868114646e-07
-9.844220160845667146e-08,-9.862349611368975252e-07
-8.669882563495950975e-08,-8.670187648349737463e-07
-4.779715108061987423e-08,-8.922303008592115002e-07
-1.535501424762781898e-07,-1.130346806991623550e-06
-1.076621621615472687e-07,-1.100783608579808187e-06
-1.090900788530662946e-07,-1.157096396614708070e-06
-6.603307346352883423e-08,-1.127341532294464526e-06
-6.213556865920997152e-08,-1.070500411310080834e-06
-6.290810800988253647e-08,-1.180600053216908042e-06
-1.872079166925441541e-08,-1.201321465532166535e-06
-5.901906985533530557e-08,-1.233957250383071176e-06
-1.100971428985609744e-07,-1.217880677849555747e-06
-9.466160250927583620e-08,-1.269110174947912357e-06
-1.620965056371071636e-07,-1.289576700247615343e-06
2.175842047415359898e-08,-1.150818590925907811e-09
-1.605879780578817926e-07,-1.434729305855297981e-06
-1.215247278775372642e-07,-1.410760181673598487e-06
-1.208160334574979286e-07,-1.363403202583006545e-06
-8.232271324940190949e-08,-1.387083655899116501e-06
-8.246886831873003411e-08,-1.342506664152680750e-06
-4.548651980221657742e-08,-1.369572837154344883e-06
-8.455329700610980238e-08,-1.438049037824544583e-06
2.481544772179042513e-07,-1.532485047971388408e-06
2.476068105763523993e-07,-1.395887527818900671e-06
2.078668236539583623e-07,-1.369233101005785511e-06
2.083635146030417016e-07,-1.320607789005699358e-06
1.693642046423719789e-07,-1.342613593991006248e-06
1.692543324029828346e-07,-1.390537682606592446e-06
1.693416196526365859e-07,-1.293240634488353857e-06
2.087585653231875192e-07,-1.270173872292947630e-06
1.749051220511299885e-07,-1.240594962528130092e-06
1.330356397304464473e-07,-1.363120737545416869e-06
2.439884695881658296e-08,-7.084239092877729517e-11
2.440396378518745481e-07,-1.083803809337428125e-06
1.997175570785548114e-07,-1.048613734831065804e-06
1.950075948603863997e-07,-1.106850461150476799e-06
1.969629610601018108e-07,-9.948745878064774636e-07
1.541736282040151002e-07,-1.019372719935195490e-06
8.597078522817867556e-09,-2.697533587393105215e-07
2.121380639825879977e-08,-2.802636177372050550e-07
2.780192936750149026e-08,-2.935634435949301989e-07
3.635280428000833847e-08,-2.937334686528603362e-07
1.355644341667356049e-08,-2.717371969387743078e-07
1.121040194283554292e-09,-2.589737965213371336e-07
4.921790354738653370e-09,-4.164098611820068595e-08
9.545712355727314227e-09,-3.272559235035414210e-08
9.202833350208888320e-09,-1.512721164444785374e-08
1.471977918687525712e-08,-2.455991729361154649e-08
9.456142743587322449e-09,-4.883697753250416170e-08
9.811825488351759487e-09,-6.683981509709497536e-08
4.842278931141337545e-09,-7.592511755639943997e-08
9.123303361053753443e-09,-8.456477591921008808e-08
8.738479811441374605e-09,-1.011592858441678857e-07
1.309251555343802941e-08,-9.051086658653132527e-08
1.295112724109833686e-08,-1.086517695322373031e-07
8.043532214299031720e-09,-1.201574219430373560e-07
1.691423805994715034e-08,-9.354078140120183067e-08
3.251480203078545886e-08,-2.095201273536295754e-08
1.075446918326054138e-07,-1.175013518366264128e-06
1.557462421540321224e-07,-1.151415555775024233e-06
7.502043433722168883e-08,-5.242486040715590550e-07
1.715472701337541728e-07,-5.295307584647518914e-07
1.422016637614360727e-07,-5.427968872829227160e-07
-4.129242597725745181e-09,-8.578706014116161384e-07
-1.322349599140880419e-08,-1.032076299495881181e-06
2.121442275209694471e-08,-5.428872170041840490e-10
2.117929489111396293e-08,-1.323019249489856226e-07
2.162808982009724205e-08,-6.605408583754374199e-10
2.092226619076784958e-08,-9.411974692654957899e-10
2.299791041593257700e-08,-5.620499161221952725e-10
2.450913357362489307e-07,-1.139625620674533035e-06
2.022774513027316137e-07,-1.165751631738727616e-06
-1.209824903909188259e-08,-4.413590227001254344e-07
2.377651801906845564e-08,-6.405784339086836422e-11
2.468147595989984891e-07,-1.442725926980037019e-06
2.076837804331423328e-07,-1.462505471501587521e-06
2.079397188423202716e-07,-1.416608795019932539e-06
-8.604794211783938775e-08,-1.618386782776988777e-06
2.474483245520274826e-07,-1.576078437455587745e-06
2.094878547016890312e-07,-1.594909481192019142e-06
6.368560024685002784e-08,-3.992471726944760039e-07
3.449562436105741478e-08,-2.335947459025643939e-09
3.466710761233286908e-08,-5.208494588390913727e-09
-1.457900278495226972e-07,-1.017417469800788699e-06
3.157977501781770197e-08,-7.871279525223756274e-10
-1.551690040344759277e-07,-1.186218079067960428e-06
3.198779715882637347e-08,-8.335168917960005954e-09
2.231446628432072059e-08,-2.068996630821434262e-10
7.691478780230050778e-08,-3.335313447545704083e-07
-1.600169579350955736e-07,-1.482487556267364002e-06
-1.266987772979054053e-07,-8.401348847069345726e-07
2.224235152082911536e-08,-1.092699590515557268e-09
2.580987842176700151e-08,-7.629317989332648069e-11
1.184832472416432919e-07,-7.150578985301134494e-07
-1.600895922544981712e-07,-1.609504042513445383e-06
-4.954121966428305809e-09,-2.571779599842786869e-07
-1.088448128279228707e-08,-2.629775441706270855e-07
-8.600253071344182742e-09,-2.582202996488267791e-07
-1.377071737279983045e-08,-2.654213945896127307e-07
-3.879807963514295523e-09,-2.522150293361393985e-07
3.827549643974759316e-09,-1.305257287623072388e-07
7.088198675361736399e-09,-1.390316685914998729e-07
9.922668536281480830e-09,-1.440454779611059715e-07
-5.129143706632314581e-09,-2.590261106948411194e-07
-1.852745162572380160e-10,-2.188623024595813911e-07
6.146104164780008367e-10,-2.126918212741048600e-07
-1.421466880243522812e-09,-2.326174339859043763e-07
-1.609163448898748814e-07,-1.339501470933472536e-06
-1.788695587334294419e-08,-5.327244999925653141e-07
-1.591299347351624951e-07,-1.688555740409311287e-06
2.114879089236846559e-08,-7.800615811186515565e-11
1.034545999590971236e-07,-1.229784069306021974e-06
2.340345651120914048e-08,-1.315669216790550707e-10
3.514415820788685633e-09,-7.350438013632409939e-07
1.634304827254179450e-07,-7.612184200774856432e-07
1.182566657907542788e-07,-1.061184328881081561e-06
2.521313958713432757e-08,-9.731057129624198544e-10
-1.214905827462390489e-07,-1.636917714628202239e-06
-1.532123568827062130e-08,-1.089090287161420871e-06
2.129712689736213870e-08,-1.903489372655488817e-10
6.780210843559653518e-08,-4.357565783834396458e-07
2.090956831898473771e-08,-1.595943604907013994e-10
2.353666920313803078e-07,-9.122296656199382912e-07
2.726187238587560506e-08,-5.301676853260610179e-10
1.496497668659595195e-07,-9.098279570626900091e-07
-1.220261932219634707e-07,-1.460576537687206464e-06
-2.040565372033138610e-08,-2.782193854897686429e-07
2.397894159112828321e-08,-2.895452048677270885e-10
3.460792699041611452e-08,-1.258448157902209753e-08
-4.633621562732666729e-08,-1.414941499320160535e-06
1.934238817276358354e-07,-9.375012092256439280e-07
2.979936286730733658e-08,-4.027267868264331671e-08
1.767670276419608403e-08,-3.632871900303728183e-08
2.304073027915579902e-08,-9.507164255247308090e-10
1.123659143674472940e-07,-1.748786028309514331e-06
1.840121424639614027e-07,-1.756872838623656601e-06
2.044757057820490024e-08,-1.005444001840812313e-09
-9.973554530853069662e-08,-1.750225418093372119e-06
2.052693542243759675e-08,-6.791041087182171242e-10
2.238731297865208742e-08,-5.507565898968731982e-10
2.103784469710948152e-08,-5.280273553723433483e-10
1.523639942597704781e-07,-1.607080536097693339e-06
2.749250096847607721e-08,-2.212282711868674634e-09
4.246062897883199950e-09,-1.121288842513622818e-07
3.481771607093676929e-08,-5.069494443422996175e-09
2.994299456491942949e-08,-7.257130210828555435e-09
1.577404565103604536e-08,-1.640362857080514551e-06
2.398665061994520867e-07,-9.704708090588113542e-07
3.459324198835630975e-08,-2.160777699964659110e-08
-1.427953453870046883e-08,-2.795716766145623722e-07
-1.192361886517791641e-07,-1.309965216874657001e-06
7.730238100758988369e-08,-5.725626280085034601e-07
-1.602378323405699596e-07,-1.568783534095686034e-06
-1.148086454948785050e-08,-3.041663918950683851e-07
1.449997643973979966e-08,-3.304430728430992331e-07
-1.641261618937491421e-08,-1.253591689389010446e-06
-1.639701940923821852e-08,-1.535954495492260595e-06
2.134177172823233454e-08,-2.750723659552096647e-10
-1.039345661826689263e-07,-1.044770012332957000e-06
2.183076235102063657e-08,-3.715075867637643270e-10
3.010307971924267171e-08,-1.966193115380511075e-09
2.645736536263809530e-08,-5.392904117665166512e-10
2.308610631588257073e-08,-2.747769717115782409e-10
2.492284579636964132e-07,-1.298000700162591257e-06
2.061165669777048053e-07,-1.514056875270412078e-06
3.505511953076527503e-09,-1.998924575573960835e-07
6.689765257350631785e-08,-3.387564402325811661e-07
2.932762124610618508e-08,-3.813509614410858536e-10
1.696421744005903230e-08,-1.950068672509344514e-07
2.142491265321075885e-08,-7.658550528033541328e-10
8.950233927088317656e-08,-1.518366214130649737e-06
-5.787280406322868864e-08,-1.013887596206678206e-06
-2.838859904498996791e-08,-2.981366395780271736e-07
-3.772159632617913042e-09,-2.394954616099564651e-07
9.139511418493764868e-08,-1.474050286606130080e-06
3.220729883384545905e-08,-4.572978032650018442e-09
1.686078143161018801e-07,-1.436378123090610154e-06
2.687362552819814474e-08,-2.737185097692034802e-09
2.493090840869233809e-07,-1.246951445727617216e-06
-1.557821157470187563e-08,-1.491944439961517298e-06
2.163067072420573615e-08,-7.725649468398513824e-10
2.283573362537889836e-08,-6.482323345855724101e-11
-3.866869503447324081e-08,-4.083529714927693096e-07
2.235727999112987713e-08,-6.620846858464318322e-10
2.346156147814353184e-08,-2.027714697335885670e-10
-1.190854551165292674e-08,-2.617158388396720527e-07
-5.098937352507577426e-08,-1.719476164728779892e-06
1.460592194452742203e-08,-6.498361366897106460e-08
1.483270177112380917e-07,-1.100060438059493813e-06
9.729845536645906202e-08,-1.334546745405905752e-06
1.296989536115970861e-07,-1.455528386195086649e-06
2.154414819286133385e-08,-1.164338976164432506e-09
-1.220699311564696386e-07,-1.510451406252958866e-06
2.103117650919977890e-07,-1.218521572221502682e-06
-4.944133036522197721e-08,-1.465966841199972110e-06
2.206780587128798073e-08,-2.855432520104764171e-10
1.303820435034366589e-08,-3.085727644852869177e-07
-5.354357152184382855e-08,-9.548776479724076662e-07
-4.648216179255048507e-08,-3.758570966676684592e-07
3.174115018632314201e-08,-1.454782056980614544e-08
2.245403701982898403e-08,-6.684811837591325665e-11
3.515669616037464814e-08,-3.865398372808925333e-09
4.338327469674643261e-08,-3.016667932454629359e-07
1.498575744444531503e-07,-5.903347610373507434e-07
2.116167078505601157e-08,-1.204365067877732283e-09
1.559040168540226063e-08,-1.585939732347532542e-07
1.093714674264970837e-07,-5.571871221240241697e-07
2.388345848098355291e-07,-1.732962662111701037e-06
2.080987002315033753e-08,-8.248970020581498187e-11
2.042553271047091739e-08,-1.116996773588241517e-09
-1.346237563495126244e-07,-1.751277166879063325e-06
2.066387800416952607e-08,-9.909697639167913014e-10
-2.179320894776284721e-11,-2.965151479080915116e-07
1.313645636377401736e-07,-1.410129011186493521e-06
2.263240824934567933e-08,-6.682806323551888683e-10
3.468926980306043305e-08,-8.691217239147076502e-09
-6.714926026225387910e-09,-9.178388569770758489e-07
-2.313292443613788825e-08,-2.860411458518425162e-07
-6.341451722882990525e-08,-6.828005992719180127e-07
2.059479596477992133e-08,-4.624185632880678410e-10
2.604435536953167128e-08,-3.316908812903203099e-09
3.227517254371737538e-08,-4.818861805279054716e-08
-1.936601063315124124e-08,-2.754075125966607847e-07
-5.381665829087922204e-08,-1.281180852047563344e-06
-6.352335091041624222e-08,-6.008773270375824907e-07
2.194022161091345481e-08,-1.362975642244134796e-10
2.321926988279292537e-08,-7.614603188657479758e-10
1.100018686033338513e-08,-1.281446017362774557e-07
2.831324075841984495e-08,-1.939424978208763249e-10
1.142020401216612533e-07,-9.991913660028296404e-07
-9.177709816904856583e-09,-2.868579014147469017e-07
3.508691456973809793e-08,-6.757977882968216788e-09
2.047945673231189085e-08,-7.716278922453827669e-10
1.041096719545598705e-07,-5.093470906483666340e-07
2.248785559761565806e-08,-1.122153738379691123e-09
2.300413873911545700e-08,-1.181606148643344417e-09
-6.074192343738133177e-09,-2.505687195357611092e-07
9.540131954077323061e-08,-1.382575659403375101e-06
2.379170562586256056e-08,-1.782408309455559615e-09
1.431197768202832317e-07,-1.209492595118900929e-06
1.937834521276759304e-08,-2.467108479171735807e-08
-4.196105001798535205e-08,-8.300796715120032030e-07
2.292755353679526030e-08,-6.896981636581262079e-10
3.404047501116104373e-08,-6.379798857014200715e-09
-3.571053807084094500e-08,-7.682289803195711282e-07
1.858532029681161101e-09,-1.867203851812686116e-07
2.223498250091624775e-08,-1.355396523907060807e-10
1.069312500925442093e-08,-1.751454143569917301e-06
1.432090849724731094e-07,-1.719257687925722657e-06
2.003649836405493094e-08,-8.143208104451800052e-08
2.149593177714941233e-07,-1.711713730631083059e-06
9.230383113581605494e-08,-4.216047572639004346e-07
2.709654449195669070e-08,-3.287202870469694810e-10
1.346301922461168215e-07,-1.314598521205428480e-06
2.467813815137315825e-09,-1.665993922506477042e-07
2.532672513369655465e-08,-9.844267749637665599e-08
3.092660998284300125e-08,-1.846735435031205603e-09
-2.105946648244350011e-08,-2.859682023329789235e-07
-3.059850210473005367e-08,-7.080078597830280283e-07
4.607215957662921134e-08,-3.067061813496800707e-07
1.404002456351571667e-08,-1.061531278024565299e-08
2.987403786592967187e-08,-6.667502611421345425e-08
1.337679032884001826e-08,-4.064231300161488627e-08
1.022005354236278366e-09,-2.153460883353083978e-07
9.785543165367369559e-08,-4.638128320322981851e-07
2.158252240751022629e-08,-6.792234240031557397e-11
1.530480287045359898e-07,-9.668200424950414887e-07
2.329131656605038503e-08,-1.308258270958186516e-09
1.148787436719330656e-07,-4.164944107054040113e-07
2.067087465376141608e-08,-2.011161966956426365e-10
2.126346148847596431e-08,-1.098843023741493124e-09
-1.006306380740458931e-08,-1.399062230869136773e-06
2.183615009167744236e-08,-6.763623519413637174e-11
3.315222762729270959e-08,-6.616091090844527983e-09
2.748812747333053270e-08,-3.854056165141705556e-09
2.650147159323659907e-08,-8.367813470572475030e-11
-3.722327889481312072e-08,-5.057650394320521425e-07
2.304883528229584564e-08,-8.109799288145545642e-09
2.512234170650961790e-07,-1.657232846407558927e-06
-9.430892656464932552e-09,-2.624668737702356789e-07
2.189460075137394647e-08,-1.016722956645285618e-09
2.064650169904167602e-08,-6.521835121839538288e-10
-1.056975078039862659e-08,-2.592274837557718714e-07
1.376533050830073393e-07,-1.263173702101100724e-06
-9.587316004914849020e-09,-1.350976475889013345e-06
3.303551258082065841e-08,-3.619359407519119016e-08
7.726748502050683844e-08,-1.756833322073447732e-06
-2.397701517388792484e-08,-2.860884294873065331e-07
1.090507206230576812e-07,-8.855288943590300825e-07
2.992003456673992157e-08,-1.243868409148068816e-08
7.024714640992064409e-09,-2.547519751222729041e-07
1.112247360330060552e-07,-3.769354859389464172e-07
2.055493289269504017e-08,-9.700358488926560156e-10
-4.780385053151696051e-08,-1.324858888946708141e-06
-2.708623848278590086e-09,-2.574676176787199568e-07
3.233193972081682422e-08,-3.256942953150986794e-09
1.293732487248672839e-08,-1.336713943520388634e-07
2.272991904143554454e-08,-9.862385479588235308e-10
1.352022653539654109e-07,-4.176760948696531582e-07
4.215962814233100811e-09,-1.212425479910787088e-08
1.314601111184672452e-08,-2.923476647266629385e-07
2.059896682504884282e-08,-3.752690766896129254e-10
-1.598038743903800739e-08,-2.699016366517148326e-07
-3.936987509625940180e-10,-2.623579625231764580e-07
2.105799326531137423e-07,-1.683754604857243663e-06
2.040054662746670055e-08,-1.209469788679391115e-09
-1.631388598149579343e-07,-1.754751872836668256e-06
2.931907406510296204e-08,-4.810423445993821898e-09
2.548917735494107100e-08,-1.423801121835843266e-10
2.484881949174226594e-08,-2.100333437813569678e-09
-8.245123744579017216e-08,-1.726010672060589998e-06
2.703699229267108881e-08,-1.854689793814653522e-08
2.068896491301951304e-08,-5.877154235332124764e-11
2.468507151101682449e-07,-1.762135126340186831e-06
-2.440446700711925699e-08,-4.138805186210204403e-07
2.143539199039315969e-08,-1.376737228948315962e-10
1.076317578179606052e-07,-8.290790464062069750e-07
2.180507394283537127e-09,-1.985325275311339946e-07
3.185545115679386970e-08,-2.860973826522980413e-08
1.786975872686023669e-07,-1.590661653806717771e-06
1.454999328101637280e-08,-2.765429752218414812e-07
3.089466365838639631e-08,-1.144396173528497925e-09
1.598627381744403766e-08,-1.780557462725711209e-07
1.282143409890529316e-08,-7.737484779624770108e-08
-5.372584016427275196e-08,-6.331080150891733872e-07
-4.123687228261567902e-08,-3.872637518722459842e-07
-1.309202121429532063e-07,-1.263340004667865041e-06
2.363419066916247646e-08,-1.203024947011436125e-09
2.123397042287635209e-08,-1.299782534886774385e-10
8.825040252354921368e-08,-3.584984963094175732e-07
2.855886280001458198e-08,-7.503720867095237244e-08
2.202416405303990470e-08,-1.208328860076252197e-07
5.071469073930190541e-09,-2.395440009897903358e-07
1.275850536859773559e-08,-5.441403628602970368e-08
2.145007604080895675e-07,-1.624373399660611188e-06
2.077669852439689762e-08,-1.593513574395659221e-10
-3.101059707280658410e-08,-4.706196598437718128e-07
1.722935211868724124e-07,-1.734680429798872070e-06
-3.842500878003586800e-08,-1.753571095761974428e-06
-8.206644903406107679e-08,-1.303492301785706508e-06
2.211183861687435669e-08,-1.006304280199943377e-09
1.632256649951009312e-07,-1.063658168071051832e-06
2.981045960102320374e-08,-7.377486909316681208e-10
1.448034109539417480e-07,-8.050071288258452033e-07
1.791881103333326159e-07,-1.194771370071907265e-06
-1.144836059920960591e-09,-2.263269112952220911e-07
2.624016973890113114e-08,-8.999783639983722780e-08
7.462606672062247535e-08,-3.363267839190383958e-07
2.941627361805129585e-08,-5.758295634427619009e-08
2.080633523162762011e-08,-9.987155501655102261e-10
9.169833562857309415e-09,-1.569754690086528072e-07
2.969407175604110510e-08,-5.715414120777468262e-09
2.020247435906880392e-07,-1.735466384816915606e-06
2.222937323812274264e-07,-1.553522367751557048e-06
1.861836434684462479e-08,-1.468277988758832118e-07
2.486897235163325770e-08,-1.204366709331828032e-10
-1.466244944401105292e-08,-2.670728345619025778e-07
-5.661599047829914244e-08,-5.151135101440180858e-07
1.708269224627237030e-08,-1.046437597385036677e-07
