Number of nodes 788 
     0 :  0.0000000e+00  0.0000000e+00 
     1 :  0.0000000e+00  8.0000000e+00 
     2 :  2.0000000e+00  8.0000000e+00 
     3 :  2.0000000e+00  6.0000000e+00 
     4 :  2.0000000e+00  4.5000000e+00 
     5 :  1.5000000e+00  4.0000000e+00 
     6 :  1.0000000e+00  3.5000000e+00 
     7 :  1.0000000e+00  2.0000000e+00 
     8 :  1.0000000e+00  5.0000000e-01 
     9 :  5.0000000e-01  0.0000000e+00 
    10 :  0.0000000e+00  7.7322847e+00 
    11 :  0.0000000e+00  7.4645693e+00 
    12 :  0.0000000e+00  7.1968540e+00 
    13 :  0.0000000e+00  6.9291387e+00 
    14 :  0.0000000e+00  6.6614234e+00 
    15 :  0.0000000e+00  6.3937080e+00 
    16 :  0.0000000e+00  6.1259927e+00 
    17 :  0.0000000e+00  5.8582774e+00 
    18 :  0.0000000e+00  5.5905621e+00 
    19 :  0.0000000e+00  5.3228467e+00 
    20 :  0.0000000e+00  5.0551314e+00 
    21 :  0.0000000e+00  4.7874161e+00 
    22 :  0.0000000e+00  4.5197008e+00 
    23 :  0.0000000e+00  4.2519854e+00 
    24 :  0.0000000e+00  3.9842948e+00 
    25 :  0.0000000e+00  3.7244392e+00 
    26 :  0.0000000e+00  3.4781312e+00 
    27 :  0.0000000e+00  3.2446644e+00 
    28 :  0.0000000e+00  3.0233693e+00 
    29 :  0.0000000e+00  2.8136114e+00 
    30 :  0.0000000e+00  2.6147893e+00 
    31 :  0.0000000e+00  2.4263327e+00 
    32 :  0.0000000e+00  2.2477012e+00 
    33 :  0.0000000e+00  2.0783827e+00 
    34 :  0.0000000e+00  1.9178916e+00 
    35 :  0.0000000e+00  1.7657677e+00 
    36 :  0.0000000e+00  1.6215747e+00 
    37 :  0.0000000e+00  1.4848992e+00 
    38 :  0.0000000e+00  1.3553493e+00 
    39 :  0.0000000e+00  1.2325534e+00 
    40 :  0.0000000e+00  1.1161595e+00 
    41 :  0.0000000e+00  1.0058338e+00 
    42 :  0.0000000e+00  9.0125991e-01 
    43 :  0.0000000e+00  8.0213796e-01 
    44 :  0.0000000e+00  7.0818372e-01 
    45 :  0.0000000e+00  6.1912775e-01 
    46 :  0.0000000e+00  5.3471473e-01 
    47 :  0.0000000e+00  4.5470257e-01 
    48 :  0.0000000e+00  3.7886182e-01 
    49 :  0.0000000e+00  3.0697504e-01 
    50 :  0.0000000e+00  2.3883604e-01 
    51 :  0.0000000e+00  1.7424947e-01 
    52 :  0.0000000e+00  1.1303012e-01 
    53 :  0.0000000e+00  5.5002430e-02 
    54 :  1.7500000e+00  8.0000000e+00 
    55 :  1.5000000e+00  8.0000000e+00 
    56 :  1.2500000e+00  8.0000000e+00 
    57 :  1.0000000e+00  8.0000000e+00 
    58 :  7.5000000e-01  8.0000000e+00 
    59 :  5.0000000e-01  8.0000000e+00 
    60 :  2.5000000e-01  8.0000000e+00 
    61 :  2.0000000e+00  6.2500000e+00 
    62 :  2.0000000e+00  6.5000000e+00 
    63 :  2.0000000e+00  6.7500000e+00 
    64 :  2.0000000e+00  7.0000000e+00 
    65 :  2.0000000e+00  7.2500000e+00 
    66 :  2.0000000e+00  7.5000000e+00 
    67 :  2.0000000e+00  7.7500000e+00 
    68 :  2.0000000e+00  4.7500000e+00 
    69 :  2.0000000e+00  5.0000000e+00 
    70 :  2.0000000e+00  5.2500000e+00 
    71 :  2.0000000e+00  5.5000000e+00 
    72 :  2.0000000e+00  5.7500000e+00 
    73 :  1.5418803e+00  4.0017570e+00 
    74 :  1.5835187e+00  4.0070247e+00 
    75 :  1.6248677e+00  4.0158429e+00 
    76 :  1.6662086e+00  4.0284338e+00 
    77 :  1.7082213e+00  4.0454190e+00 
    78 :  1.7520289e+00  4.0681650e+00 
    79 :  1.7992473e+00  4.0994366e+00 
    80 :  1.8519354e+00  4.1448359e+00 
    81 :  1.9113408e+00  4.2157488e+00 
    82 :  1.9696761e+00  4.3285230e+00 
    83 :  1.0019027e+00  3.5435779e+00 
    84 :  1.0075961e+00  3.5868241e+00 
    85 :  1.0170371e+00  3.6294095e+00 
    86 :  1.0301537e+00  3.6710101e+00 
    87 :  1.0468461e+00  3.7113091e+00 
    88 :  1.0669873e+00  3.7500000e+00 
    89 :  1.0904240e+00  3.7867882e+00 
    90 :  1.1169778e+00  3.8213938e+00 
    91 :  1.1464466e+00  3.8535534e+00 
    92 :  1.1786062e+00  3.8830222e+00 
    93 :  1.2132118e+00  3.9095760e+00 
    94 :  1.2500000e+00  3.9330127e+00 
    95 :  1.2886909e+00  3.9531539e+00 
    96 :  1.3289899e+00  3.9698463e+00 
    97 :  1.3705905e+00  3.9829629e+00 
    98 :  1.4131759e+00  3.9924039e+00 
    99 :  1.4564221e+00  3.9980973e+00 
   100 :  1.0000000e+00  2.1607792e+00 
   101 :  1.0000000e+00  2.3301751e+00 
   102 :  1.0000000e+00  2.5086494e+00 
   103 :  1.0000000e+00  2.6908910e+00 
   104 :  1.0000000e+00  2.8314939e+00 
   105 :  1.0000000e+00  2.9337492e+00 
   106 :  1.0000000e+00  3.0130188e+00 
   107 :  1.0000000e+00  3.0785569e+00 
   108 :  1.0000000e+00  3.1355191e+00 
   109 :  1.0000000e+00  3.1870099e+00 
   110 :  1.0000000e+00  3.2350157e+00 
   111 :  1.0000000e+00  3.2808605e+00 
   112 :  1.0000000e+00  3.3254411e+00 
   113 :  1.0000000e+00  3.3693545e+00 
   114 :  1.0000000e+00  3.4129722e+00 
   115 :  1.0000000e+00  3.4564942e+00 
   116 :  1.0000000e+00  5.8214912e-01 
   117 :  1.0000000e+00  6.6879722e-01 
   118 :  1.0000000e+00  7.6019070e-01 
   119 :  1.0000000e+00  8.5658944e-01 
   120 :  1.0000000e+00  9.5826758e-01 
   121 :  1.0000000e+00  1.0655142e+00 
   122 :  1.0000000e+00  1.1786343e+00 
   123 :  1.0000000e+00  1.2979496e+00 
   124 :  1.0000000e+00  1.4237992e+00 
   125 :  1.0000000e+00  1.5565412e+00 
   126 :  1.0000000e+00  1.6965529e+00 
   127 :  1.0000000e+00  1.8442326e+00 
   128 :  5.5191543e-01  2.7025154e-03 
   129 :  6.0354493e-01  1.0839037e-02 
   130 :  6.5458107e-01  2.4495327e-02 
   131 :  7.0467257e-01  4.3810195e-02 
   132 :  7.5340042e-01  6.8968417e-02 
   133 :  8.0025180e-01  1.0018897e-01 
   134 :  8.4459174e-01  1.3770657e-01 
   135 :  8.8563323e-01  1.8174379e-01 
   136 :  9.2240722e-01  2.3247030e-01 
   137 :  9.5373679e-01  2.8994542e-01 
   138 :  9.7822133e-01  3.5403988e-01 
   139 :  9.9424163e-01  4.2433489e-01 
   140 :  5.0000000e-02  0.0000000e+00 
   141 :  1.0000000e-01  0.0000000e+00 
   142 :  1.5000000e-01  0.0000000e+00 
   143 :  2.0000000e-01  0.0000000e+00 
   144 :  2.5000000e-01  0.0000000e+00 
   145 :  3.0000000e-01  0.0000000e+00 
   146 :  3.5000000e-01  0.0000000e+00 
   147 :  4.0000000e-01  0.0000000e+00 
   148 :  4.5000000e-01  0.0000000e+00 
   149 :  1.5965843e+00  4.0471125e+00 
   150 :  1.4280134e+00  4.0339577e+00 
   151 :  1.2944849e+00  3.9964952e+00 
   152 :  1.1729852e+00  3.9263863e+00 
   153 :  1.0739437e+00  3.8281965e+00 
   154 :  1.0049073e+00  3.6982198e+00 
   155 :  9.6709612e-01  3.5689844e+00 
   156 :  9.5620778e-01  3.3908516e+00 
   157 :  5.7070268e-01  5.1363049e-02 
   158 :  9.5936151e-01  3.2110128e+00 
   159 :  9.3460468e-01  5.4279524e-01 
   160 :  6.6169356e-02  4.9493245e-01 
   161 :  8.2371387e-01  1.9722382e-01 
   162 :  9.4820891e-01  3.0468470e+00 
   163 :  3.7828727e-01  4.6725284e-02 
   164 :  7.8696859e-02  7.5378020e-01 
   165 :  1.7783102e+00  4.1689886e+00 
   166 :  2.1344840e-01  4.9424539e+00 
   167 :  9.1112098e-01  8.1292331e-01 
   168 :  9.2416151e-02  1.0593798e+00 
   169 :  5.6200470e-02  2.7210924e-01 
   170 :  8.9971834e-01  1.1120936e+00 
   171 :  1.1049524e-01  1.4195723e+00 
   172 :  1.7763614e+00  6.8553380e+00 
   173 :  1.7711757e+00  5.6169725e+00 
   174 :  2.3213284e-01  6.2572787e+00 
   175 :  1.7597143e+00  4.9095397e+00 
   176 :  8.7852521e-01  1.6137276e+00 
   177 :  2.4186853e-01  4.4028652e+00 
   178 :  2.2917662e-01  7.0475417e+00 
   179 :  8.9778826e-01  2.7664809e+00 
   180 :  2.2009191e-01  4.1998100e-02 
   181 :  7.0916034e-01  9.4948232e-02 
   182 :  1.2833735e-01  1.8411931e+00 
   183 :  9.1695241e-01  3.3709901e-01 
   184 :  8.7001160e-01  2.0814345e+00 
   185 :  1.1196142e+00  7.7811108e+00 
   186 :  1.9259036e-01  3.3510548e+00 
   187 :  1.5914923e-01  2.5516924e+00 
   188 :  2.1982571e-01  3.8341370e+00 
   189 :  8.9318166e-01  1.3703147e+00 
   190 :  2.2530971e-01  5.4498582e+00 
   191 :  1.4083854e-01  2.1795111e+00 
   192 :  1.7932305e+00  6.3841392e+00 
   193 :  1.5809791e-01  2.8900806e+00 
   194 :  9.6376082e-01  3.3066937e+00 
   195 :  9.6516162e-01  3.4754840e+00 
   196 :  1.8641766e+00  4.4256255e+00 
   197 :  8.4936781e-01  2.4194122e+00 
   198 :  1.2304914e-01  4.2187925e-02 
   199 :  4.6966233e-01  4.3367728e-02 
   200 :  6.1939911e-01  7.7781499e+00 
   201 :  1.7793459e+00  7.3842676e+00 
   202 :  1.6733678e+00  4.0735104e+00 
   203 :  1.5193243e+00  4.0408727e+00 
   204 :  4.8440853e-02  1.4666433e-01 
   205 :  1.6239407e+00  7.7882963e+00 
   206 :  2.1227819e-01  7.6024413e+00 
   207 :  9.2139738e-01  2.8826215e+00 
   208 :  8.0874656e-01  2.8591920e+00 
   209 :  7.7474913e-01  2.7219494e+00 
   210 :  6.8056874e-01  2.8136518e+00 
   211 :  7.0847055e-01  2.9390589e+00 
   212 :  6.4209184e-01  2.6799213e+00 
   213 :  5.8587445e-01  2.9103691e+00 
   214 :  6.2539797e-01  3.0373128e+00 
   215 :  7.5087356e-01  3.0538523e+00 
   216 :  6.6436825e-01  3.1566690e+00 
   217 :  5.3711017e-01  3.1312607e+00 
   218 :  5.8524375e-01  3.2522644e+00 
   219 :  7.1711916e-01  3.2692132e+00 
   220 :  6.3348342e-01  3.3632432e+00 
   221 :  7.4566124e-01  3.3858265e+00 
   222 :  6.6920337e-01  3.4694564e+00 
   223 :  5.5518555e-01  3.4560695e+00 
   224 :  6.0781392e-01  3.5651899e+00 
   225 :  7.2398266e-01  3.5663938e+00 
   226 :  6.6276288e-01  3.6695135e+00 
   227 :  7.7950220e-01  3.6747128e+00 
   228 :  7.1427571e-01  3.7670497e+00 
   229 :  8.2130556e-01  3.7811918e+00 
   230 :  7.5770873e-01  3.8641005e+00 
   231 :  8.5957952e-01  3.8709250e+00 
   232 :  8.0154832e-01  3.9561061e+00 
   233 :  9.1416928e-01  3.9581840e+00 
   234 :  8.4779026e-01  4.0482911e+00 
   235 :  9.6619514e-01  4.0488000e+00 
   236 :  8.9394724e-01  4.1444653e+00 
   237 :  1.0207926e+00  4.1437605e+00 
   238 :  9.4293850e-01  4.2473484e+00 
   239 :  1.0608261e+00  4.2477465e+00 
   240 :  9.9110930e-01  4.3627826e+00 
   241 :  1.1393606e+00  4.3478385e+00 
   242 :  1.0497423e+00  4.4908540e+00 
   243 :  8.9775512e-01  4.4788692e+00 
   244 :  9.5840743e-01  4.6283201e+00 
   245 :  7.5507472e-01  4.0289567e+00 
   246 :  1.2002246e+00  4.4955785e+00 
   247 :  1.2870728e+00  4.3516772e+00 
   248 :  8.2028223e-01  4.2386522e+00 
   249 :  6.4803503e-01  3.8613543e+00 
   250 :  7.8740137e-01  4.6090551e+00 
   251 :  8.5802624e-01  4.7752049e+00 
   252 :  1.0413415e+00  4.7893495e+00 
   253 :  9.3430444e-01  4.9533343e+00 
   254 :  1.1387949e+00  4.9687360e+00 
   255 :  1.0184743e+00  5.1484480e+00 
   256 :  1.2415960e+00  5.1667038e+00 
   257 :  1.1129781e+00  5.3558523e+00 
   258 :  1.3515827e+00  4.5027472e+00 
   259 :  1.4222732e+00  4.3553835e+00 
   260 :  1.4993312e+00  4.5068565e+00 
   261 :  8.0394887e-01  5.1236351e+00 
   262 :  1.1042822e+00  4.1649441e+00 
   263 :  1.4204772e+00  4.6514481e+00 
   264 :  4.7728715e-01  3.5580175e+00 
   265 :  1.3606790e+00  4.2682476e+00 
   266 :  1.4839727e+00  4.2766299e+00 
   267 :  1.0017175e+00  3.9712235e+00 
   268 :  6.7311626e-01  4.7568494e+00 
   269 :  8.6527319e-01  3.7064574e+00 
   270 :  1.4306728e+00  4.1665214e+00 
   271 :  8.0927443e-01  3.3114143e+00 
   272 :  1.3568608e+00  5.3756724e+00 
   273 :  1.2149571e+00  5.5728137e+00 
   274 :  9.7311972e-01  5.5526279e+00 
   275 :  1.0750593e+00  5.7745912e+00 
   276 :  8.2817739e-01  5.7520937e+00 
   277 :  9.3260584e-01  5.9795163e+00 
   278 :  1.1826272e+00  6.0005009e+00 
   279 :  1.0399778e+00  6.2089135e+00 
   280 :  7.8195105e-01  6.1772887e+00 
   281 :  9.0069563e-01  6.4134876e+00 
   282 :  1.1502539e+00  6.4386379e+00 
   283 :  1.0049699e+00  6.6489827e+00 
   284 :  7.4856362e-01  6.6290143e+00 
   285 :  8.6726844e-01  6.8565068e+00 
   286 :  1.1148800e+00  6.8801940e+00 
   287 :  9.7008544e-01  7.0914580e+00 
   288 :  1.2229165e+00  7.1115965e+00 
   289 :  6.8908735e-01  5.5055493e+00 
   290 :  5.7996592e-01  5.7272552e+00 
   291 :  8.3563539e-01  3.3826059e+00 
   292 :  5.8180377e-01  4.5545553e+00 
   293 :  6.8399233e-01  7.0556163e+00 
   294 :  8.1873483e-01  7.3008192e+00 
   295 :  5.4792012e-01  7.3021640e+00 
   296 :  1.4855700e+00  5.1794497e+00 
   297 :  4.5199131e-01  3.2242828e+00 
   298 :  1.3605826e+00  6.9041959e+00 
   299 :  8.9743793e-01  3.7684224e+00 
   300 :  8.1770072e-01  3.5869718e+00 
   301 :  7.9955749e-01  3.5130436e+00 
   302 :  8.6228895e-01  3.5354380e+00 
   303 :  4.0019005e-01  3.0967983e+00 
   304 :  8.8278735e-01  3.5941187e+00 
   305 :  1.4757661e+00  7.1313235e+00 
   306 :  1.3378538e+00  7.3378564e+00 
   307 :  9.4681795e-01  3.8819357e+00 
   308 :  8.8171188e-01  3.3266271e+00 
   309 :  8.7000506e-01  3.2540982e+00 
   310 :  4.2848361e-01  3.4329459e+00 
   311 :  3.1547598e-01  3.5082420e+00 
   312 :  1.2243587e+00  4.2628427e+00 
   313 :  1.3024351e+00  4.1588432e+00 
   314 :  9.2709276e-01  3.7154747e+00 
   315 :  9.5822455e-01  3.7682597e+00 
   316 :  4.6962600e-01  4.7238340e+00 
   317 :  5.5881022e-01  4.9226098e+00 
   318 :  1.4540442e+00  5.5896870e+00 
   319 :  1.0492369e+00  4.0684501e+00 
   320 :  1.1602937e+00  4.0719750e+00 
   321 :  7.7232461e-01  3.1704606e+00 
   322 :  8.4361428e-01  3.0955966e+00 
   323 :  8.3101949e-01  3.0117822e+00 
   324 :  1.5634584e+00  4.6429704e+00 
   325 :  1.5185245e+00  4.8162172e+00 
   326 :  3.9375446e-01  3.6974317e+00 
   327 :  2.2414432e-01  4.1547341e+00 
   328 :  4.1330723e-01  4.2490035e+00 
   329 :  4.1262876e-01  4.0679301e+00 
   330 :  5.6177506e-01  4.1464763e+00 
   331 :  5.9311327e-01  4.3383560e+00 
   332 :  1.5530282e+00  4.3579425e+00 
   333 :  1.6207671e+00  4.2586784e+00 
   334 :  1.5393671e+00  4.1788846e+00 
   335 :  1.6752904e+00  4.3603520e+00 
   336 :  2.0068521e-01  3.1106784e+00 
   337 :  2.3340202e-01  4.6656015e+00 
   338 :  4.4320207e-01  4.4273140e+00 
   339 :  1.7199986e+00  4.2413347e+00 
   340 :  1.6572880e+00  4.1759713e+00 
   341 :  9.1028762e-01  3.6514766e+00 
   342 :  9.6238172e-01  3.6690595e+00 
   343 :  8.9931656e-01  3.3872851e+00 
   344 :  8.6860226e-01  3.4378270e+00 
   345 :  7.4289654e-01  2.5693795e+00 
   346 :  6.0153266e-01  2.5320120e+00 
   347 :  4.9362103e-01  2.6392797e+00 
   348 :  4.5372924e-01  2.4888656e+00 
   349 :  5.6533148e-01  2.3794791e+00 
   350 :  4.1864811e-01  2.3330093e+00 
   351 :  5.2993293e-01  2.2217078e+00 
   352 :  3.8458266e-01  2.1757198e+00 
   353 :  4.9147727e-01  2.0665135e+00 
   354 :  3.3662596e-01  2.0116311e+00 
   355 :  4.6135353e-01  1.9131322e+00 
   356 :  6.0027486e-01  1.9578686e+00 
   357 :  5.6223308e-01  1.8121842e+00 
   358 :  4.1950234e-01  1.7709357e+00 
   359 :  5.2452993e-01  1.6706691e+00 
   360 :  3.8334051e-01  1.6389629e+00 
   361 :  4.8808640e-01  1.5370164e+00 
   362 :  3.5636457e-01  1.5049017e+00 
   363 :  4.5433948e-01  1.4122767e+00 
   364 :  5.7754658e-01  1.4420900e+00 
   365 :  5.4249865e-01  1.3224644e+00 
   366 :  4.2584003e-01  1.2909659e+00 
   367 :  5.1176782e-01  1.2063633e+00 
   368 :  3.9972867e-01  1.1755681e+00 
   369 :  4.8098386e-01  1.0966028e+00 
   370 :  3.7299427e-01  1.0653415e+00 
   371 :  4.5413371e-01  9.9071467e-01 
   372 :  5.4893883e-01  1.0108960e+00 
   373 :  5.2131022e-01  9.1322534e-01 
   374 :  4.2770380e-01  8.9003889e-01 
   375 :  4.9668593e-01  8.2115410e-01 
   376 :  4.0637307e-01  7.9595144e-01 
   377 :  4.7178324e-01  7.3028676e-01 
   378 :  3.8676635e-01  7.0630494e-01 
   379 :  4.4850379e-01  6.4318747e-01 
   380 :  5.3276333e-01  6.6627131e-01 
   381 :  5.0815923e-01  5.8355213e-01 
   382 :  4.2839402e-01  5.6228759e-01 
   383 :  4.8504248e-01  5.0483408e-01 
   384 :  4.0980533e-01  4.8413735e-01 
   385 :  4.6433780e-01  4.2980812e-01 
   386 :  3.9992744e-01  4.0507657e-01 
   387 :  5.3778928e-01  4.4868166e-01 
   388 :  5.1722164e-01  3.7705768e-01 
   389 :  5.8632205e-01  3.9298164e-01 
   390 :  6.0772830e-01  4.6050954e-01 
   391 :  5.6836415e-01  3.2489419e-01 
   392 :  5.0016674e-01  3.0851495e-01 
   393 :  3.5379194e-01  5.4224385e-01 
   394 :  6.3079339e-01  3.3513320e-01 
   395 :  5.8269786e-01  8.3819818e-01 
   396 :  5.4789709e-01  2.5972206e-01 
   397 :  4.8472741e-01  2.4349285e-01 
   398 :  3.3728706e-01  8.6599289e-01 
   399 :  6.2633113e-01  1.2367094e+00 
   400 :  5.2945495e-01  1.9842592e-01 
   401 :  5.9053412e-01  2.1193491e-01 
   402 :  4.6932193e-01  1.8276361e-01 
   403 :  4.2473743e-01  2.2562586e-01 
   404 :  4.1000328e-01  1.6661842e-01 
   405 :  3.6620050e-01  2.0879096e-01 
   406 :  3.5079074e-01  1.4987536e-01 
   407 :  3.0645170e-01  1.9128321e-01 
   408 :  3.2214676e-01  2.5195347e-01 
   409 :  2.6252425e-01  2.3406227e-01 
   410 :  2.7679641e-01  2.9641345e-01 
   411 :  2.4693221e-01  1.7368726e-01 
   412 :  2.0335329e-01  2.1584262e-01 
   413 :  1.8901038e-01  1.5655419e-01 
   414 :  3.1024846e-01  1.2593093e+00 
   415 :  5.9036620e-01  6.0408138e-01 
   416 :  6.1630622e-01  6.8650707e-01 
   417 :  6.7446833e-01  6.2372143e-01 
   418 :  6.9954602e-01  7.0590254e-01 
   419 :  7.5800188e-01  6.4326673e-01 
   420 :  7.3389046e-01  5.6126723e-01 
   421 :  7.2479283e-01  1.8395128e+00 
   422 :  1.4532238e-01  1.9757989e-01 
   423 :  1.5757944e-01  2.5789925e-01 
   424 :  2.4295763e-01  1.6051080e+00 
   425 :  5.1322807e-01  1.4148901e-01 
   426 :  7.8321579e-01  7.2560182e-01 
   427 :  8.4812088e-01  6.6021334e-01 
   428 :  7.2443226e-01  7.9025331e-01 
   429 :  3.3873695e-01  3.1356027e-01 
   430 :  2.9230605e-01  3.6089696e-01 
   431 :  2.2696736e-01  3.4183849e-01 
   432 :  2.4114749e-01  4.0845893e-01 
   433 :  1.7642813e-01  3.9465169e-01 
   434 :  1.9046672e-01  4.6703398e-01 
   435 :  7.0121653e-01  2.2804503e+00 
   436 :  1.3326305e-01  1.3152376e-01 
   437 :  2.6155206e-01  4.7007036e-01 
   438 :  2.0789322e-01  5.3355882e-01 
   439 :  1.9036749e-01  9.2491792e-02 
   440 :  3.9399233e-01  1.0866210e-01 
   441 :  3.4185761e-01  2.6013152e+00 
   442 :  3.8768589e-01  2.7441206e+00 
   443 :  2.3334263e-01  2.7216663e+00 
   444 :  3.3822296e-01  9.3445124e-02 
   445 :  8.1074370e-01  8.1188330e-01 
   446 :  7.4960954e-01  8.7998574e-01 
   447 :  8.4023273e-01  8.9874883e-01 
   448 :  7.7305377e-01  9.7898789e-01 
   449 :  6.8313719e-01  9.4935536e-01 
   450 :  6.9806392e-01  1.0545233e+00 
   451 :  8.6405659e-01  1.0016320e+00 
   452 :  1.0469656e+00  3.7912675e+00 
   453 :  1.0279835e+00  3.8339880e+00 
   454 :  1.0568950e+00  3.8727271e+00 
   455 :  1.0133899e+00  3.7489059e+00 
   456 :  1.2111767e+00  3.9531312e+00 
   457 :  1.1692184e+00  3.9724050e+00 
   458 :  1.1293148e+00  3.9454156e+00 
   459 :  1.2113423e+00  3.9997809e+00 
   460 :  1.1309233e+00  3.9890522e+00 
   461 :  1.0820063e+00  3.9665736e+00 
   462 :  1.3382971e+00  4.0124441e+00 
   463 :  1.3026579e+00  4.0438248e+00 
   464 :  1.3481888e+00  4.0589164e+00 
   465 :  1.2565931e+00  4.0239296e+00 
   466 :  1.2629258e+00  4.0740876e+00 
   467 :  9.7588130e-01  3.6210457e+00 
   468 :  1.2566280e+00  4.7851851e+00 
   469 :  4.5436150e-01  1.2236791e-01 
   470 :  9.2809473e-01  3.4455958e+00 
   471 :  9.2290574e-01  7.1449396e-01 
   472 :  4.5260029e-01  3.5602663e-01 
   473 :  9.3337189e-01  3.3473476e+00 
   474 :  2.2056645e-01  5.1994083e+00 
   475 :  4.6509640e-01  5.3169190e+00 
   476 :  2.3190916e-01  1.2607056e-01 
   477 :  2.8626294e-01  1.2633193e-01 
   478 :  2.9390141e-01  7.4612662e-02 
   479 :  1.5347620e-01  2.3475870e+00 
   480 :  6.6185623e-01  1.7087455e+00 
   481 :  5.7126251e-01  1.5491192e-01 
   482 :  6.2951819e-01  1.6648152e-01 
   483 :  6.5141990e-01  2.2322156e-01 
   484 :  6.8695855e-01  1.7897674e-01 
   485 :  7.1145017e-01  2.3431987e-01 
   486 :  6.1113868e-01  1.0938762e-01 
   487 :  7.5107076e-01  1.8120011e-01 
   488 :  7.7478091e-01  2.4426909e-01 
   489 :  7.3444381e-01  2.9316196e-01 
   490 :  7.9599213e-01  3.0462955e-01 
   491 :  7.5549049e-01  3.5585459e-01 
   492 :  8.1807228e-01  3.6861471e-01 
   493 :  7.7252697e-01  4.2393444e-01 
   494 :  8.5814168e-01  4.3355192e-01 
   495 :  7.0694816e-01  4.1036158e-01 
   496 :  7.9504113e-01  4.9555872e-01 
   497 :  4.8943476e-02  8.4016273e-02 
   498 :  6.0996307e-02  4.1779954e-01 
   499 :  1.2477803e-01  1.6920179e+00 
   500 :  2.7334236e-01  1.7593129e+00 
   501 :  1.0307001e-01  1.2920179e+00 
   502 :  2.1255484e-01  1.3491061e+00 
   503 :  7.6051429e-02  6.6407648e-01 
   504 :  1.5467637e-01  7.0592579e-01 
   505 :  1.6150394e-01  7.9805711e-01 
   506 :  2.3570677e-01  7.4208066e-01 
   507 :  2.2943349e-01  6.5628847e-01 
   508 :  8.8920686e-02  9.5270957e-01 
   509 :  1.8033380e-01  1.0023419e+00 
   510 :  1.8822730e-01  1.1061375e+00 
   511 :  1.7013756e-01  8.9726780e-01 
   512 :  2.5981389e-01  9.3433025e-01 
   513 :  6.9273924e-01  7.5232397e+00 
   514 :  9.4841674e-01  7.5387745e+00 
   515 :  6.4812187e-01  5.3062691e-01 
   516 :  6.1030447e-01  2.7247750e-01 
   517 :  1.3820101e+00  4.0254649e+00 
   518 :  1.3950540e+00  4.0708999e+00 
   519 :  1.4443693e+00  4.0799517e+00 
   520 :  1.3570443e+00  4.1103042e+00 
   521 :  1.2520480e+00  3.9765839e+00 
   522 :  1.2127758e+00  4.0493193e+00 
   523 :  1.2203211e+00  4.1080855e+00 
   524 :  1.1365259e+00  3.8976482e+00 
   525 :  8.1429630e-01  5.7545097e-01 
   526 :  9.1898029e-01  3.5442229e+00 
   527 :  8.9258851e-01  3.4914888e+00 
   528 :  8.6716139e-01  1.9231652e+00 
   529 :  6.0075237e-01  1.1111271e+00 
   530 :  1.1621312e-01  1.5496367e+00 
   531 :  6.5962427e-01  1.3497685e+00 
   532 :  7.0063548e-01  1.4683146e+00 
   533 :  7.3768898e-01  1.2656555e+00 
   534 :  6.1638117e-01  1.5692915e+00 
   535 :  9.5335131e-01  3.1068239e+00 
   536 :  1.0909986e+00  3.9105734e+00 
   537 :  6.3699801e-01  2.1143054e+00 
   538 :  1.4107636e+00  4.1191955e+00 
   539 :  8.6873171e-01  1.7745705e+00 
   540 :  5.0626349e-02  2.0704203e-01 
   541 :  7.4563237e-01  1.5889137e+00 
   542 :  8.1979900e-01  1.4846452e+00 
   543 :  5.7061483e-02  3.4205438e-01 
   544 :  1.6076167e-01  2.0081434e+00 
   545 :  7.1025228e-02  5.7732960e-01 
   546 :  9.3083709e-01  6.2471479e-01 
   547 :  9.6326092e-01  3.5234345e+00 
   548 :  9.0135488e-01  1.2414430e+00 
   549 :  9.6666481e-02  1.1708657e+00 
   550 :  1.9628542e-01  1.2189462e+00 
   551 :  8.3209841e-02  8.5086876e-01 
   552 :  3.3246732e-01  1.3785880e+00 
   553 :  7.1997490e-01  4.7917916e-01 
   554 :  9.3910780e-01  2.9736681e+00 
   555 :  8.6084872e-01  2.2420282e+00 
   556 :  9.3040665e-01  3.8209969e+00 
   557 :  1.3718805e+00  4.9870149e+00 
   558 :  3.3807364e-01  4.6027022e-01 
   559 :  1.5685700e-01  6.0893055e-01 
   560 :  1.4653152e+00  4.1269281e+00 
   561 :  1.4959440e+00  4.0822894e+00 
   562 :  2.6637943e-01  7.3174395e+00 
   563 :  2.7363373e-01  5.7234361e+00 
   564 :  2.3226471e-01  5.9874635e+00 
   565 :  5.0165278e-01  6.1492388e+00 
   566 :  4.2343131e-01  6.3919490e+00 
   567 :  2.2710944e-01  6.5240739e+00 
   568 :  4.7968684e-01  6.6432337e+00 
   569 :  2.4036270e-01  6.7877258e+00 
   570 :  4.6627954e-01  6.9150710e+00 
   571 :  4.2500000e-01  6.4212219e-02 
   572 :  3.6893122e-01  6.2067244e-01 
   573 :  2.9424503e-01  6.0028959e-01 
   574 :  8.0537396e-01  3.4449857e+00 
   575 :  1.0817135e+00  7.3208648e+00 
   576 :  4.3975652e-01  2.8798285e-01 
   577 :  1.2577993e+00  6.6703291e+00 
   578 :  1.3956590e+00  6.4625514e+00 
   579 :  1.5378011e+00  6.7084899e+00 
   580 :  1.2918902e+00  6.2294676e+00 
   581 :  1.4340749e+00  6.0194501e+00 
   582 :  1.5759728e+00  6.2594259e+00 
   583 :  1.7007642e+00  6.0198166e+00 
   584 :  1.5796898e+00  5.8139872e+00 
   585 :  1.6164730e+00  5.3854234e+00 
   586 :  1.7563036e+00  5.1578872e+00 
   587 :  2.8952313e-01  1.1452043e+00 
   588 :  1.7383970e+00  7.1301390e+00 
   589 :  1.3643047e+00  7.7801505e+00 
   590 :  1.5054627e+00  7.5604284e+00 
   591 :  8.7500000e-01  7.7834936e+00 
   592 :  1.7846140e+00  6.6218396e+00 
   593 :  7.2965803e-01  4.4402686e+00 
   594 :  1.0001837e+00  3.7945306e+00 
   595 :  5.5985286e-01  3.9816087e+00 
   596 :  4.2985866e-01  3.8817065e+00 
   597 :  1.4740122e+00  4.0391948e+00 
   598 :  1.5537193e+00  4.0773390e+00 
   599 :  1.1036313e+00  3.8640154e+00 
   600 :  1.0376118e+00  3.9187066e+00 
   601 :  5.6241259e-01  5.2265619e-01 
   602 :  1.3234088e+00  5.7951717e+00 
   603 :  5.5705648e-01  7.5153898e-01 
   604 :  6.7721289e-01  5.9477655e+00 
   605 :  1.2262276e+00  7.5531976e+00 
   606 :  1.8341226e+00  4.5596247e+00 
   607 :  7.0629883e-01  1.1585856e+00 
   608 :  7.8848721e-01  1.0824826e+00 
   609 :  3.0179939e-01  2.4342674e+00 
   610 :  1.7044183e-01  4.2960411e-02 
   611 :  9.3236123e-01  4.6691445e-01 
   612 :  8.8204063e-01  2.6282442e+00 
   613 :  5.0844496e-01  3.7722829e+00 
   614 :  9.6038067e-01  3.2584354e+00 
   615 :  3.1889900e-01  7.7081173e-01 
   616 :  3.2256861e-01  4.1192719e-02 
   617 :  9.5576708e-01  3.1610033e+00 
   618 :  9.0964547e-01  3.1920219e+00 
   619 :  8.7769960e-01  5.3304358e+00 
   620 :  2.1502366e-01  2.7838687e-01 
   621 :  2.5701736e-01  1.9055502e+00 
   622 :  1.6686179e-01  3.2489282e-01 
   623 :  3.8117878e-01  2.6911658e-01 
   624 :  1.8636499e+00  4.3083033e+00 
   625 :  2.2850879e-01  1.4678188e+00 
   626 :  5.3842327e-01  2.7781562e+00 
   627 :  8.3791323e-01  2.6141994e-01 
   628 :  5.5115615e-01  1.0074526e-01 
   629 :  6.7258283e-01  2.8224350e-01 
   630 :  7.7319747e-01  1.3764302e+00 
   631 :  4.3573347e-01  2.8754622e+00 
   632 :  1.7876228e+00  7.6333299e+00 
   633 :  3.6711035e-01  7.7803657e+00 
   634 :  2.4722470e-01  8.3475674e-01 
   635 :  1.6582880e+00  4.5139729e+00 
   636 :  9.1887815e-01  3.2829989e+00 
   637 :  7.6114698e-02  4.1617031e-02 
   638 :  7.4314882e-01  2.0127230e+00 
   639 :  3.6153015e-01  9.5859199e-01 
   640 :  1.3360604e-01  5.2931497e-01 
   641 :  8.6897271e-01  5.1568519e-01 
   642 :  5.0249145e-01  8.7678057e-02 
   643 :  3.0613707e-01  6.8157995e-01 
   644 :  9.9152374e-02  8.6412468e-02 
   645 :  8.5745060e-01  3.2293716e-01 
   646 :  2.7376115e-01  1.0383527e+00 
   647 :  5.2432134e-01  4.7642767e-02 
   648 :  2.2096669e-01  3.6748546e+00 
   649 :  6.4216199e-01  7.7073285e-01 
   650 :  1.0059681e+00  3.8783801e+00 
   651 :  9.8227198e-01  3.8419662e+00 
   652 :  4.4843799e-01  7.5321023e+00 
   653 :  7.4079731e-01  4.9382192e+00 
   654 :  6.2125371e-01  5.3823256e-02 
   655 :  7.9460807e-01  1.4720689e-01 
   656 :  1.1189637e+00  4.6316805e+00 
   657 :  1.5250816e+00  4.1271829e+00 
   658 :  1.5795705e+00  4.1206284e+00 
   659 :  4.1166689e-01  5.0597869e+00 
   660 :  6.6977288e-01  1.2724225e-01 
   661 :  1.3702773e+00  4.1782251e+00 
   662 :  6.7975904e-01  5.2854521e+00 
   663 :  7.5400863e-01  1.2219013e-01 
   664 :  1.2281123e-01  4.5166402e-01 
   665 :  1.7442516e+00  4.1229661e+00 
   666 :  1.3077695e+00  4.0949285e+00 
   667 :  1.5585535e+00  4.0371626e+00 
   668 :  1.5673651e+00  7.3088030e+00 
   669 :  9.2574099e-01  4.0008637e-01 
   670 :  1.6324916e+00  4.0589795e+00 
   671 :  1.6324899e+00  4.1124268e+00 
   672 :  1.6893281e+00  4.1252597e+00 
   673 :  1.7170604e+00  4.1700093e+00 
   674 :  1.0247658e-01  2.3390359e-01 
   675 :  1.7134479e+00  4.0889114e+00 
   676 :  9.6989283e-01  3.4362796e+00 
   677 :  9.2709555e-01  9.1879529e-01 
   678 :  4.9938363e-01  3.0058082e+00 
   679 :  7.8862193e-01  4.1346956e+00 
   680 :  6.9011142e-01  4.2110200e+00 
   681 :  4.3897143e-01  5.5494359e+00 
   682 :  1.0899734e-01  3.0187657e-01 
   683 :  1.8139177e+00  4.2358766e+00 
   684 :  9.3318285e-01  3.6024881e+00 
   685 :  1.1655753e+00  4.0208903e+00 
   686 :  4.9794906e-01  3.3409697e+00 
   687 :  8.5315275e-01  3.6433863e+00 
   688 :  1.8103259e+00  5.8401552e+00 
   689 :  6.9298322e-01  3.9582008e+00 
   690 :  6.6630117e-01  7.3031248e-02 
   691 :  6.9574627e-01  2.4347597e+00 
   692 :  3.1770130e-01  2.9711488e+00 
   693 :  1.5901700e+00  5.0057975e+00 
   694 :  1.6157733e-01  3.5248757e+00 
   695 :  6.9138072e-01  3.4631244e-01 
   696 :  1.2699182e+00  4.6188870e+00 
   697 :  1.5951906e+00  4.1812040e+00 
   698 :  1.4859057e+00  4.1905358e+00 
   699 :  4.4403430e-01  5.9033254e+00 
   700 :  1.1468273e-01  3.7619421e-01 
   701 :  2.7697623e-01  2.2654897e+00 
   702 :  3.5983849e-01  3.3352330e+00 
   703 :  1.5777816e+00  6.9458973e+00 
   704 :  9.3762989e-02  1.7261063e-01 
   705 :  8.5404961e-01  4.3488708e+00 
   706 :  3.9407650e-01  3.3174709e-01 
   707 :  6.4774890e-01  3.9977075e-01 
   708 :  6.6977104e-01  6.3830694e+00 
   709 :  9.2365417e-01  3.2397134e+00 
   710 :  8.5265843e-01  3.1819199e+00 
   711 :  1.6174555e+00  6.4872892e+00 
   712 :  8.5544948e-01  7.5008792e-01 
   713 :  7.7590767e-01  1.7050940e+00 
   714 :  6.6435230e-01  8.5844492e-01 
   715 :  8.4568224e-01  3.4845566e+00 
   716 :  1.0434813e+00  4.0111792e+00 
   717 :  9.8125693e-01  3.9216860e+00 
   718 :  8.9371731e-01  2.7880922e-01 
   719 :  3.4379372e-01  3.8159314e-01 
   720 :  7.5965424e-01  2.1600516e+00 
   721 :  8.6883147e-01  2.9463614e+00 
   722 :  1.8326212e+00  5.3800404e+00 
   723 :  6.5283111e-01  6.8166884e+00 
   724 :  9.7144348e-01  3.7242797e+00 
   725 :  1.7663925e+00  4.3361158e+00 
   726 :  9.7039859e-01  3.3475383e+00 
   727 :  4.3317578e-01  7.1227312e+00 
   728 :  9.0281892e-01  3.1364262e+00 
   729 :  6.1001312e-01  5.1077703e+00 
   730 :  2.7193051e-01  3.9268524e-02 
   731 :  1.2648713e+00  4.1212589e+00 
   732 :  1.2309048e+00  4.1703497e+00 
   733 :  1.1543378e+00  4.2193045e+00 
   734 :  8.7936633e-01  5.8377191e-01 
   735 :  8.7527159e-01  3.7245784e-01 
   736 :  2.6184728e-01  2.1242118e+00 
   737 :  2.9537459e-01  4.1625792e-01 
   738 :  8.0409549e-01  1.1922177e+00 
   739 :  5.5655787e-01  3.6597782e+00 
   740 :  6.0555310e-01  9.3072153e-01 
   741 :  9.0796068e-01  3.0815333e+00 
   742 :  8.7384359e-01  2.2898349e-01 
   743 :  1.8169873e+00  7.8169873e+00 
   744 :  1.8170422e+00  6.1831078e+00 
   745 :  8.0646816e-01  3.2401901e+00 
   746 :  9.9807222e-01  3.6577489e+00 
   747 :  3.9003129e-01  4.5729348e+00 
   748 :  8.2549741e-01  1.3005924e+00 
   749 :  9.4543337e-01  3.6360175e+00 
   750 :  1.7887953e-01  7.8158281e+00 
   751 :  1.1063868e+00  4.0353716e+00 
   752 :  4.6287882e-01  7.9406477e-02 
   753 :  9.2422506e-01  1.4900373e+00 
   754 :  7.4567657e-01  3.4711374e+00 
   755 :  2.2980409e-01  5.9090077e-01 
   756 :  3.5543201e-02  3.7085519e-02 
   757 :  1.7596540e+00  4.4391382e+00 
   758 :  1.1061592e+00  4.0986546e+00 
   759 :  2.8433558e-01  5.3255770e-01 
   760 :  1.1644689e+00  4.1306668e+00 
   761 :  6.3002859e-01  1.0127376e+00 
   762 :  1.4248794e+00  4.2399127e+00 
   763 :  7.1419423e-01  1.4091149e-01 
   764 :  3.7739071e-01  4.8628572e+00 
   765 :  2.9305092e-01  2.8421956e+00 
   766 :  3.5540817e-01  1.8642050e+00 
   767 :  8.7718241e-01  3.8103840e+00 
   768 :  1.5990163e+00  4.0864020e+00 
   769 :  1.4207983e-01  7.9677951e-02 
   770 :  3.3069289e-01  3.2070992e+00 
   771 :  9.4348610e-01  1.0117268e+00 
   772 :  8.9304476e-02  1.2696207e-01 
   773 :  2.4791835e-01  8.1846662e-02 
   774 :  2.6786131e-01  3.9912728e+00 
   775 :  7.3890335e-01  4.3182536e+00 
   776 :  6.6474102e-01  4.5473605e-01 
   777 :  8.8979044e-01  3.0259648e+00 
   778 :  1.7313349e+00  4.7148866e+00 
   779 :  1.2959546e+00  4.2316976e+00 
   780 :  4.2500000e-01  2.7239434e-02 
   781 :  6.4991321e-01  4.0642754e+00 
   782 :  1.5463719e+00  4.2406459e+00 
   783 :  5.4403648e-01  3.8634001e+00 
   784 :  9.5256746e-02  2.7152852e+00 
   785 :  9.3465416e-01  3.4975669e+00 
   786 :  7.9556908e-01  2.9436904e+00 
   787 :  6.1016124e-01  3.7623975e+00 
Number of edges 149 
     0 :      1     10 
     1 :     10     11 
     2 :     11     12 
     3 :     12     13 
     4 :     13     14 
     5 :     14     15 
     6 :     15     16 
     7 :     16     17 
     8 :     17     18 
     9 :     18     19 
    10 :     19     20 
    11 :     20     21 
    12 :     21     22 
    13 :     22     23 
    14 :     23     24 
    15 :     24     25 
    16 :     25     26 
    17 :     26     27 
    18 :     27     28 
    19 :     28     29 
    20 :     29     30 
    21 :     30     31 
    22 :     31     32 
    23 :     32     33 
    24 :     33     34 
    25 :     34     35 
    26 :     35     36 
    27 :     36     37 
    28 :     37     38 
    29 :     38     39 
    30 :     39     40 
    31 :     40     41 
    32 :     41     42 
    33 :     42     43 
    34 :     43     44 
    35 :     44     45 
    36 :     45     46 
    37 :     46     47 
    38 :     47     48 
    39 :     48     49 
    40 :     49     50 
    41 :     50     51 
    42 :     51     52 
    43 :     52     53 
    44 :     53      0 
    45 :      2     54 
    46 :     54     55 
    47 :     55     56 
    48 :     56     57 
    49 :     57     58 
    50 :     58     59 
    51 :     59     60 
    52 :     60      1 
    53 :      3     61 
    54 :     61     62 
    55 :     62     63 
    56 :     63     64 
    57 :     64     65 
    58 :     65     66 
    59 :     66     67 
    60 :     67      2 
    61 :      4     68 
    62 :     68     69 
    63 :     69     70 
    64 :     70     71 
    65 :     71     72 
    66 :     72      3 
    67 :      5     73 
    68 :     73     74 
    69 :     74     75 
    70 :     75     76 
    71 :     76     77 
    72 :     77     78 
    73 :     78     79 
    74 :     79     80 
    75 :     80     81 
    76 :     81     82 
    77 :     82      4 
    78 :      6     83 
    79 :     83     84 
    80 :     84     85 
    81 :     85     86 
    82 :     86     87 
    83 :     87     88 
    84 :     88     89 
    85 :     89     90 
    86 :     90     91 
    87 :     91     92 
    88 :     92     93 
    89 :     93     94 
    90 :     94     95 
    91 :     95     96 
    92 :     96     97 
    93 :     97     98 
    94 :     98     99 
    95 :     99      5 
    96 :      7    100 
    97 :    100    101 
    98 :    101    102 
    99 :    102    103 
   100 :    103    104 
   101 :    104    105 
   102 :    105    106 
   103 :    106    107 
   104 :    107    108 
   105 :    108    109 
   106 :    109    110 
   107 :    110    111 
   108 :    111    112 
   109 :    112    113 
   110 :    113    114 
   111 :    114    115 
   112 :    115      6 
   113 :      8    116 
   114 :    116    117 
   115 :    117    118 
   116 :    118    119 
   117 :    119    120 
   118 :    120    121 
   119 :    121    122 
   120 :    122    123 
   121 :    123    124 
   122 :    124    125 
   123 :    125    126 
   124 :    126    127 
   125 :    127      7 
   126 :      9    128 
   127 :    128    129 
   128 :    129    130 
   129 :    130    131 
   130 :    131    132 
   131 :    132    133 
   132 :    133    134 
   133 :    134    135 
   134 :    135    136 
   135 :    136    137 
   136 :    137    138 
   137 :    138    139 
   138 :    139      8 
   139 :      0    140 
   140 :    140    141 
   141 :    141    142 
   142 :    142    143 
   143 :    143    144 
   144 :    144    145 
   145 :    145    146 
   146 :    146    147 
   147 :    147    148 
   148 :    148      9 
Number of triangles 1425 
     0 :    227    269    229
     1 :    360    500    424
     2 :    633    652    200
     3 :    225    300    227
     4 :    331    593    292
     5 :    271    308    291
     6 :    180    773    439
     7 :    358    500    360
     8 :    460    751    461
     9 :    475    662    289
    10 :    165    683    339
    11 :    201    632    590
    12 :    269    314    299
    13 :    271    291    221
    14 :    311    702    310
    15 :    439    610    180
    16 :    333    340    339
    17 :    590    668    201
    18 :    318    585    173
    19 :    301    302    300
    20 :    496    553    493
    21 :    683    725    339
    22 :    289    681    475
    23 :    195    785    470
    24 :    679    781    245
    25 :    269    299    229
    26 :    200    652    513
    27 :    156    470    343
    28 :    173    584    318
    29 :    197    612    345
    30 :    494    669    611
    31 :    568    708    284
    32 :    235    716    319
    33 :    292    338    331
    34 :    326    596    188
    35 :    231    307    233
    36 :    420    553    496
    37 :    241    733    312
    38 :    671    697    658
    39 :    435    555    197
    40 :    280    708    565
    41 :    494    735    669
    42 :    563    681    290
    43 :    424    500    499
    44 :    661    779    313
    45 :    315    594    556
    46 :    302    304    300
    47 :    339    673    165
    48 :    313    666    520
    49 :    267    600    461
    50 :    290    699    563
    51 :    300    687    227
    52 :    231    556    307
    53 :    154    724    342
    54 :    588    668    305
    55 :    579    592    172
    56 :    161    488    487
    57 :    513    591    200
    58 :    167    447    445
    59 :    440    444    163
    60 :    566    708    568
    61 :    308    343    291
    62 :     69    586    175
    63 :    186    702    311
    64 :    635    757    606
    65 :    589    605    590
    66 :    197    691    435
    67 :    493    553    495
    68 :     70    586     69
    69 :    594    651    556
    70 :    496    525    420
    71 :    315    724    455
    72 :    514    591    513
    73 :    325    468    263
    74 :    421    539    528
    75 :    336    692    303
    76 :    267    716    235
    77 :    215    322    321
    78 :    451    608    448
    79 :    233    267    235
    80 :    470    785    527
    81 :    247    265    259
    82 :    316    764    337
    83 :    473    636    194
    84 :    241    312    247
    85 :    565    604    280
    86 :    233    717    267
    87 :    219    271    221
    88 :    562    727    295
    89 :    295    652    562
    90 :    486    628    157
    91 :    455    594    315
    92 :    170    608    451
    93 :    227    687    269
    94 :    329    330    328
    95 :    225    301    300
    96 :    439    773    476
    97 :    496    641    525
    98 :    327    328    177
    99 :    314    315    299
   100 :    102    612    197
   101 :    559    640    438
   102 :    544    621    354
   103 :    172    703    579
   104 :    307    717    233
   105 :    680    781    679
   106 :    590    605    306
   107 :    239    733    241
   108 :    502    550    414
   109 :    270    762    661
   110 :    335    635    332
   111 :    441    443    187
   112 :    461    751    716
   113 :    193    336     28
   114 :    341    342    314
   115 :    343    473    156
   116 :    265    762    259
   117 :    520    661    313
   118 :    499    530    424
   119 :    319    758    237
   120 :    624    725    683
   121 :    269    341    314
   122 :    157    654    486
   123 :    421    713    539
   124 :    229    767    231
   125 :    216    321    219
   126 :    193    692    336
   127 :    333    697    340
   128 :    163    571    440
   129 :    440    571    469
   130 :    325    557    468
   131 :    296    585    272
   132 :    514    605    185
   133 :    272    585    318
   134 :    450    607    529
   135 :    186    770    702
   136 :    235    319    237
   137 :    340    697    671
   138 :    327    329    328
   139 :    565    708    566
   140 :    337    764    166
   141 :    185    591    514
   142 :    512    634    398
   143 :    303    770    336
   144 :    354    736    544
   145 :    167    677    447
   146 :    302    526    304
   147 :    337    747    316
   148 :    362    625    552
   149 :    215    321    216
   150 :    304    684    341
   151 :    470    527    344
   152 :    342    724    314
   153 :    325    778    175
   154 :    487    655    161
   155 :    201    668    588
   156 :    515    601    390
   157 :    237    758    262
   158 :    598    667    149
   159 :    571    752    469
   160 :    618    709    309
   161 :    522    523    320
   162 :    583    688      3
   163 :    175    693    325
   164 :    308    636    473
   165 :     21    337    166
   166 :    548    738    170
   167 :    247    779    265
   168 :    155    684    526
   169 :    406    477    444
   170 :    448    608    450
   171 :    558    719    386
   172 :    370    646    639
   173 :    606    757    196
   174 :    455    724    154
   175 :    529    761    450
   176 :      3    744    583
   177 :    684    749    341
   178 :    459    521    465
   179 :    305    703    588
   180 :    558    737    719
   181 :    227    229    228
   182 :    407    477    406
   183 :     23    327    177
   184 :      4    196     82
   185 :    438    755    559
   186 :    265    779    661
   187 :    561    597    203
   188 :    628    647    157
   189 :    216    219    218
   190 :    219    221    220
   191 :    622    700    682
   192 :     27    336    186
   193 :    552    625    502
   194 :    211    215    214
   195 :    536    599    524
   196 :    259    762    266
   197 :    185    605    589
   198 :    225    754    301
   199 :    519    597    561
   200 :     82    624     81
   201 :    414    552    502
   202 :    156    676    470
   203 :    606    778    635
   204 :    332    635    260
   205 :    415    601    515
   206 :    639    646    512
   207 :     25    188     24
   208 :    710    728    618
   209 :    611    641    494
   210 :    336    770    186
   211 :    149    768    598
   212 :    231    767    556
   213 :    215    786    323
   214 :    271    309    308
   215 :     27    186     26
   216 :    225    227    226
   217 :    642    647    628
   218 :    508    551    511
   219 :    640    664    434
   220 :     37    530     36
   221 :     87    455    154
   222 :    341    687    304
   223 :    451    771    170
   224 :    343    470    344
   225 :     24    774    327
   226 :    388    472    392
   227 :    526    547    155
   228 :    477    478    444
   229 :    391    516    394
   230 :    641    734    525
   231 :    440    469    404
   232 :    203    598    561
   233 :    682    700    543
   234 :    166    474     20
   235 :    193    784    443
   236 :    171    530     37
   237 :    461    600    536
   238 :    477    773    478
   239 :     28    336     27
   240 :    206    652    633
   241 :    511    551    505
   242 :    187    609    441
   243 :    188    774     24
   244 :    458    536    524
   245 :    461    716    267
   246 :    398    634    615
   247 :    686    702    297
   248 :    501    550    502
   249 :    390    776    515
   250 :    229    231    230
   251 :    359    534    480
   252 :    340    673    339
   253 :    191    479     32
   254 :    590    632    205
   255 :    291    574    221
   256 :    104    179    103
   257 :     24    327     23
   258 :    438    640    434
   259 :     23    177     22
   260 :    161    627    488
   261 :    166    659    474
   262 :    321    745    219
   263 :    454    599    536
   264 :    511    634    512
   265 :    541    542    176
   266 :    296    586    585
   267 :    188    648    326
   268 :    342    746    154
   269 :    534    541    480
   270 :    103    612    102
   271 :    443    784    187
   272 :    330    331    328
   273 :    550    587    414
   274 :    222    225    224
   275 :    150    518    517
   276 :    372    529    369
   277 :    516    629    394
   278 :    237    262    239
   279 :    177    337     22
   280 :    324    778    325
   281 :    542    630    189
   282 :    657    698    560
   283 :    411    477    407
   284 :    204    540     51
   285 :    476    773    477
   286 :    528    638    421
   287 :    385    472    388
   288 :    322    710    321
   289 :    322    728    710
   290 :    126    539    176
   291 :     32    479     31
   292 :    215    216    214
   293 :    310    702    686
   294 :    386    706    472
   295 :    480    713    421
   296 :    169    543     49
   297 :    661    762    265
   298 :    329    595    330
   299 :    444    616    163
   300 :    160    545     46
   301 :    182    544     34
   302 :    247    259    258
   303 :    170    738    608
   304 :    150    519    518
   305 :     31    479    187
   306 :    122    548    170
   307 :    369    529    367
   308 :    308    473    343
   309 :    127    539    126
   310 :     88    455     87
   311 :    427    546    471
   312 :    104    207    179
   313 :    116    546    159
   314 :     39    549    501
   315 :     42    551    508
   316 :    654    690    486
   317 :    417    515    420
   318 :    561    657    560
   319 :     51    540     50
   320 :     68    606      4
   321 :    586    693    175
   322 :    322    777    741
   323 :     49    543     48
   324 :    338    747    177
   325 :      7    528    127
   326 :     34    544     33
   327 :     46    545     45
   328 :    117    546    116
   329 :    326    613    596
   330 :    527    715    344
   331 :    123    548    122
   332 :    309    636    308
   333 :    191    701    479
   334 :     68    778    606
   335 :     21    166     20
   336 :     29    193     28
   337 :     31    187     30
   338 :    215    323    322
   339 :    196    624     82
   340 :    569    570    178
   341 :    472    576    392
   342 :    402    425    400
   343 :    397    400    396
   344 :    615    634    506
   345 :    404    469    402
   346 :    386    472    385
   347 :     25    694    648
   348 :    392    396    391
   349 :    384    385    383
   350 :    378    379    377
   351 :    376    377    375
   352 :    382    383    381
   353 :    486    690    660
   354 :    374    375    373
   355 :    370    371    369
   356 :    314    724    315
   357 :    368    369    367
   358 :    343    344    291
   359 :    211    786    215
   360 :    366    367    365
   361 :    436    439    413
   362 :    333    339    335
   363 :    362    363    361
   364 :    406    440    404
   365 :    528    539    127
   366 :    382    572    393
   367 :    481    486    482
   368 :    360    361    359
   369 :    219    220    218
   370 :    219    745    271
   371 :    397    402    400
   372 :    345    691    197
   373 :    402    469    425
   374 :    392    397    396
   375 :    406    444    440
   376 :     36    530    499
   377 :    465    522    459
   378 :    150    597    519
   379 :    266    782    332
   380 :    507    643    506
   381 :    385    388    387
   382 :     13    569    178
   383 :    252    656    468
   384 :    506    643    615
   385 :    510    587    550
   386 :    388    391    389
   387 :    384    386    385
   388 :    376    378    377
   389 :    379    381    380
   390 :    476    477    411
   391 :    382    384    383
   392 :    374    376    375
   393 :    358    359    357
   394 :    470    676    195
   395 :    388    392    391
   396 :    474    475    190
   397 :    368    370    369
   398 :    526    684    304
   399 :    366    368    367
   400 :    371    373    372
   401 :    249    689    595
   402 :    545    640    559
   403 :    379    382    381
   404 :    328    338    177
   405 :    379    572    382
   406 :    360    362    361
   407 :    363    365    364
   408 :    361    534    359
   409 :    371    374    373
   410 :    358    766    500
   411 :    515    553    420
   412 :    363    366    365
   413 :    413    476    411
   414 :      5    597     99
   415 :    481    482    401
   416 :    358    360    359
   417 :    396    516    391
   418 :    311    694    186
   419 :    312    779    247
   420 :     25    648    188
   421 :    222    754    225
   422 :    241    247    246
   423 :    508    511    509
   424 :    293    727    570
   425 :    415    515    417
   426 :     19    474    190
   427 :    545    559    503
   428 :    417    420    419
   429 :    549    550    501
   430 :    400    481    401
   431 :    354    355    353
   432 :    581    602    584
   433 :    355    358    357
   434 :    290    681    289
   435 :    398    639    512
   436 :    355    357    356
   437 :     14    569     13
   438 :    367    529    399
   439 :    515    776    553
   440 :    357    480    421
   441 :     52    497    204
   442 :    479    609    187
   443 :    456    521    459
   444 :    462    517    464
   445 :    465    521    151
   446 :    458    524    152
   447 :    439    476    413
   448 :    504    507    506
   449 :    366    552    414
   450 :    424    625    362
   451 :    177    747    337
   452 :    184    528      7
   453 :    385    387    383
   454 :     29    784    193
   455 :    542    753    176
   456 :    302    527    526
   457 :    379    380    377
   458 :    375    395    373
   459 :    400    401    396
   460 :    388    389    387
   461 :    425    481    400
   462 :     20    474     19
   463 :    564    565    174
   464 :    371    372    369
   465 :    391    394    389
   466 :    367    399    365
   467 :    332    782    333
   468 :    403    404    402
   469 :    363    364    361
   470 :    503    559    504
   471 :    381    415    380
   472 :    105    554    207
   473 :    420    525    419
   474 :    386    719    706
   475 :    572    573    393
   476 :    231    233    232
   477 :    419    525    427
   478 :     70    722    586
   479 :     53    497     52
   480 :    363    552    366
   481 :    351    537    435
   482 :    105    207    104
   483 :     52    204     51
   484 :    584    602    318
   485 :     16    564    174
   486 :    412    413    411
   487 :    405    406    404
   488 :     50    540    169
   489 :    116    159      8
   490 :    504    559    507
   491 :    381    601    415
   492 :    499    500    182
   493 :    197    555    101
   494 :    359    480    357
   495 :     47    498    160
   496 :    438    759    755
   497 :    469    642    425
   498 :    422    436    413
   499 :    102    197    101
   500 :    352    354    353
   501 :     35    499    182
   502 :    503    504    164
   503 :    501    502    171
   504 :     44    503    164
   505 :     38    501    171
   506 :    508    509    168
   507 :    624    683     81
   508 :     41    508    168
   509 :     50    169     49
   510 :    375    603    395
   511 :    167    471    118
   512 :      4    606    196
   513 :    620    622    423
   514 :     33    191     32
   515 :    431    622    620
   516 :     48    543    498
   517 :     48    498     47
   518 :     33    544    191
   519 :     47    160     46
   520 :     36    499     35
   521 :     45    503     44
   522 :     89    452     88
   523 :     39    501     38
   524 :     35    182     34
   525 :     38    171     37
   526 :     44    164     43
   527 :     42    508     41
   528 :     41    168     40
   529 :     40    549     39
   530 :     43    551     42
   531 :    118    471    117
   532 :    567    569     14
   533 :    119    167    118
   534 :    122    170    121
   535 :    124    189    123
   536 :    126    176    125
   537 :    357    421    356
   538 :     45    545    503
   539 :    352    353    351
   540 :    445    712    167
   541 :     22    337     21
   542 :    471    546    117
   543 :    208    211    210
   544 :    355    356    353
   545 :    100    555    184
   546 :     15    567     14
   547 :     26    694     25
   548 :    387    601    383
   549 :    409    411    407
   550 :    452    455     88
   551 :    189    548    123
   552 :    664    700    433
   553 :    529    607    399
   554 :    573    643    507
   555 :    189    753    542
   556 :    288    575    287
   557 :    380    603    377
   558 :    517    518    464
   559 :    511    512    509
   560 :    657    658    334
   561 :    434    664    433
   562 :    221    222    220
   563 :    475    729    662
   564 :    101    555    100
   565 :    378    572    379
   566 :    481    628    486
   567 :    362    552    363
   568 :    390    601    387
   569 :    306    575    288
   570 :    178    562     12
   571 :    225    226    224
   572 :     19    190     18
   573 :    190    563     18
   574 :    100    184      7
   575 :    325    693    557
   576 :    593    705    243
   577 :    635    778    324
   578 :    416    603    380
   579 :    577    579    298
   580 :    519    561    560
   581 :    309    710    618
   582 :    227    228    226
   583 :    565    566    174
   584 :    468    696    263
   585 :    659    729    475
   586 :    582    744    192
   587 :     11    206     10
   588 :    580    582    578
   589 :    287    575    294
   590 :    563    564     17
   591 :     11    562    206
   592 :    294    514    513
   593 :     17    564     16
   594 :    301    715    302
   595 :    278    581    580
   596 :    182    621    544
   597 :    278    580    279
   598 :    207    208    179
   599 :    581    584    583
   600 :    286    577    298
   601 :    575    605    514
   602 :    278    602    581
   603 :    397    403    402
   604 :    279    580    282
   605 :    283    577    286
   606 :    468    557    254
   607 :    174    567     15
   608 :    366    414    368
   609 :    374    398    376
   610 :      8    611    139
   611 :    203    597      5
   612 :    294    575    514
   613 :    482    484    483
   614 :    138    183    137
   615 :    360    424    362
   616 :    384    558    386
   617 :    382    393    384
   618 :    286    288    287
   619 :    283    286    285
   620 :    315    556    299
   621 :    298    305    288
   622 :     18    563     17
   623 :    578    579    577
   624 :    282    580    578
   625 :    305    306    288
   626 :    484    487    485
   627 :    353    537    351
   628 :    368    587    370
   629 :    450    608    607
   630 :    350    352    351
   631 :    566    568    567
   632 :    365    531    364
   633 :    304    687    300
   634 :     13    178     12
   635 :     16    174     15
   636 :    282    578    577
   637 :    372    761    529
   638 :    282    577    283
   639 :    286    287    285
   640 :    568    570    569
   641 :    581    583    582
   642 :    250    593    243
   643 :    350    351    349
   644 :    286    298    288
   645 :    191    736    701
   646 :     12    562     11
   647 :    678    692    631
   648 :     69    175     68
   649 :    233    235    234
   650 :    581    582    580
   651 :    294    513    295
   652 :    399    533    531
   653 :    415    417    416
   654 :    370    639    371
   655 :    487    663    655
   656 :    414    587    368
   657 :    303    692    678
   658 :    393    558    384
   659 :    403    405    404
   660 :    443    765    193
   661 :    279    282    281
   662 :    417    419    418
   663 :    419    427    426
   664 :    282    283    281
   665 :    287    294    293
   666 :    405    407    406
   667 :     55    205     54
   668 :    412    422    413
   669 :    409    412    411
   670 :     66    201     65
   671 :    570    723    293
   672 :     56    589     55
   673 :    566    567    174
   674 :    283    285    284
   675 :     55    589    205
   676 :    276    289    274
   677 :    505    634    511
   678 :     57    185     56
   679 :    572    643    573
   680 :    532    542    541
   681 :    185    589     56
   682 :    135    161    134
   683 :    589    590    205
   684 :    302    715    527
   685 :     65    588     64
   686 :    201    588     65
   687 :    568    569    567
   688 :    264    739    326
   689 :    306    668    590
   690 :     62    192     61
   691 :     64    172     63
   692 :     72    173     71
   693 :     63    592     62
   694 :    229    230    228
   695 :    397    576    403
   696 :     58    591     57
   697 :    211    214    213
   698 :    178    727    562
   699 :    487    763    663
   700 :    287    293    285
   701 :    351    435    349
   702 :    283    284    281
   703 :     57    591    185
   704 :    461    536    458
   705 :     64    588    172
   706 :    392    576    397
   707 :    166    764    659
   708 :    275    278    277
   709 :    153    599    454
   710 :    383    601    381
   711 :    294    295    293
   712 :    671    672    340
   713 :    377    603    375
   714 :    252    468    254
   715 :     59    200     58
   716 :    187    784     30
   717 :    279    281    280
   718 :     62    592    192
   719 :    172    592     63
   720 :    504    506    505
   721 :    278    279    277
   722 :    585    722    173
   723 :    364    534    361
   724 :    132    181    131
   725 :    588    703    172
   726 :    192    711    582
   727 :    129    157    128
   728 :    306    605    575
   729 :    398    615    376
   730 :    478    616    444
   731 :    482    483    401
   732 :    256    557    296
   733 :    279    280    277
   734 :    200    591     58
   735 :    401    516    396
   736 :    466    522    465
   737 :    348    350    349
   738 :    259    332    260
   739 :    627    742    718
   740 :    531    532    364
   741 :    171    625    530
   742 :    356    537    353
   743 :    276    290    289
   744 :    399    531    365
   745 :    389    390    387
   746 :     96    462    151
   747 :     94    521    456
   748 :     84    467    155
   749 :    151    521     95
   750 :     97    517    462
   751 :     90    599    153
   752 :    152    524     92
   753 :     93    456    152
   754 :    524    599     91
   755 :    150    517     98
   756 :    289    619    274
   757 :    415    416    380
   758 :    168    549     40
   759 :    155    547     83
   760 :    164    551     43
   761 :    169    682    543
   762 :    275    602    278
   763 :    399    607    533
   764 :    525    734    427
   765 :    275    277    276
   766 :    159    611      8
   767 :    330    781    680
   768 :    603    649    395
   769 :    256    296    272
   770 :    484    485    483
   771 :    487    488    485
   772 :    471    712    427
   773 :    272    318    273
   774 :    447    677    451
   775 :    292    593    250
   776 :    275    276    274
   777 :    583    744    582
   778 :    273    274    257
   779 :    107    162    106
   780 :    596    774    188
   781 :    190    681    563
   782 :    467    746    342
   783 :    482    660    484
   784 :    417    418    416
   785 :    295    727    293
   786 :    318    602    273
   787 :    419    426    418
   788 :    273    602    275
   789 :    627    718    645
   790 :    273    275    274
   791 :    160    640    545
   792 :    216    218    217
   793 :    509    510    168
   794 :    504    505    164
   795 :    173    688    584
   796 :     67    632     66
   797 :    280    604    277
   798 :    277    604    276
   799 :    421    638    356
   800 :    462    463    151
   801 :    456    457    152
   802 :    348    349    346
   803 :    272    273    257
   804 :    147    163    146
   805 :    408    409    407
   806 :    432    433    431
   807 :    557    693    296
   808 :    212    347    346
   809 :    175    778     68
   810 :    144    180    143
   811 :    431    620    410
   812 :    255    619    261
   813 :     79    665     78
   814 :    448    449    446
   815 :    430    431    410
   816 :    313    731    666
   817 :    697    782    334
   818 :    536    600    454
   819 :    376    615    378
   820 :      9    199    148
   821 :    207    721    208
   822 :    532    630    542
   823 :    495    707    695
   824 :    523    760    320
   825 :    143    610    142
   826 :    563    699    564
   827 :    292    747    338
   828 :    374    639    398
   829 :    254    557    256
   830 :     83    547      6
   831 :    146    616    145
   832 :    276    604    290
   833 :    427    734    546
   834 :     97    462     96
   835 :     93    152     92
   836 :     85    467     84
   837 :     84    155     83
   838 :     91    599     90
   839 :     95    521     94
   840 :     90    153     89
   841 :     99    150     98
   842 :     94    456     93
   843 :     87    154     86
   844 :     96    151     95
   845 :     98    517     97
   846 :     92    524     91
   847 :    256    272    257
   848 :    347    441    348
   849 :    170    771    121
   850 :    257    619    255
   851 :    493    495    491
   852 :    142    198    141
   853 :    522    685    459
   854 :      6    195    115
   855 :    479    701    609
   856 :    176    753    125
   857 :    500    621    182
   858 :    247    258    246
   859 :    347    442    441
   860 :    119    677    167
   861 :    231    232    230
   862 :    348    609    350
   863 :    629    695    394
   864 :    320    685    522
   865 :    266    332    259
   866 :    644    769    436
   867 :    502    625    171
   868 :    425    628    481
   869 :    565    699    604
   870 :    674    704    422
   871 :     59    633    200
   872 :    354    766    355
   873 :     99    597    150
   874 :    153    452     89
   875 :    532    541    534
   876 :    562    652    206
   877 :    114    156    113
   878 :    488    490    489
   879 :    405    408    407
   880 :    412    423    422
   881 :    235    237    236
   882 :    211    213    210
   883 :    184    638    528
   884 :    210    626    212
   885 :      6    547    195
   886 :    490    492    491
   887 :    426    445    428
   888 :    532    534    364
   889 :    447    451    448
   890 :    530    625    424
   891 :    445    447    446
   892 :    432    437    434
   893 :    492    494    493
   894 :    579    703    298
   895 :    510    549    168
   896 :    448    450    449
   897 :    408    429    410
   898 :    483    516    401
   899 :    505    551    164
   900 :    432    434    433
   901 :    347    348    346
   902 :    430    432    431
   903 :    488    489    485
   904 :    323    777    322
   905 :    408    410    409
   906 :    373    740    372
   907 :    426    428    418
   908 :    510    550    549
   909 :    695    707    394
   910 :    615    643    378
   911 :    213    626    210
   912 :    582    711    578
   913 :    755    759    573
   914 :    130    654    129
   915 :    558    759    437
   916 :    433    622    431
   917 :    698    762    270
   918 :    256    257    255
   919 :    347    626    442
   920 :    284    723    568
   921 :    544    736    191
   922 :    656    696    468
   923 :    463    465    151
   924 :    456    459    457
   925 :    462    464    463
   926 :    457    458    152
   927 :    533    630    531
   928 :    447    448    446
   929 :    445    446    428
   930 :     60    633     59
   931 :    233    234    232
   932 :    490    491    489
   933 :    437    438    434
   934 :    441    609    348
   935 :    106    554    105
   936 :    255    261    253
   937 :    141    637    140
   938 :    274    619    257
   939 :    492    493    491
   940 :    429    430    410
   941 :    330    680    331
   942 :    494    496    493
   943 :    212    626    347
   944 :    112    194    111
   945 :     66    632    201
   946 :    108    535    107
   947 :      3    688     72
   948 :     73    203      5
   949 :    587    646    370
   950 :    163    616    146
   951 :    259    260    258
   952 :    262    733    239
   953 :    153    454    453
   954 :    371    639    374
   955 :    658    697    334
   956 :    268    292    250
   957 :    506    634    505
   958 :    453    594    452
   959 :    180    610    143
   960 :    576    623    403
   961 :    128    647      9
   962 :    497    772    204
   963 :    579    711    592
   964 :    452    594    455
   965 :    433    700    622
   966 :    341    749    342
   967 :    677    771    451
   968 :    254    256    255
   969 :    129    654    157
   970 :    409    620    412
   971 :    466    523    522
   972 :    142    610    198
   973 :    403    623    405
   974 :    160    664    640
   975 :    645    735    492
   976 :    416    649    603
   977 :    437    759    438
   978 :     75    149     74
   979 :    490    645    492
   980 :    111    614    110
   981 :    289    662    619
   982 :    410    620    409
   983 :    393    759    558
   984 :    435    691    349
   985 :     80    165     79
   986 :    509    646    510
   987 :    124    753    189
   988 :    213    631    626
   989 :    488    627    490
   990 :    733    760    732
   991 :    531    630    532
   992 :    345    612    209
   993 :    356    638    537
   994 :    110    158    109
   995 :    326    739    613
   996 :    244    251    250
   997 :    153    453    452
   998 :    329    596    595
   999 :    208    786    211
  1000 :    473    726    156
  1001 :    209    612    179
  1002 :    474    659    475
  1003 :    235    236    234
  1004 :    442    443    441
  1005 :    512    646    509
  1006 :    299    767    229
  1007 :    203    667    598
  1008 :    436    769    439
  1009 :    498    664    160
  1010 :    212    345    209
  1011 :    313    779    732
  1012 :    244    252    251
  1013 :    198    637    141
  1014 :    334    782    698
  1015 :    418    649    416
  1016 :    464    666    463
  1017 :    173    722     71
  1018 :    510    646    587
  1019 :    412    620    423
  1020 :    284    708    281
  1021 :    598    657    561
  1022 :    485    629    483
  1023 :    405    623    408
  1024 :      2    743     67
  1025 :     54    743      2
  1026 :    212    346    345
  1027 :    408    623    429
  1028 :    183    735    645
  1029 :    222    224    223
  1030 :    453    651    594
  1031 :    134    655    133
  1032 :    486    660    482
  1033 :    109    617    108
  1034 :     77    202     76
  1035 :    593    775    705
  1036 :    268    316    292
  1037 :     61    744      3
  1038 :    210    212    209
  1039 :    237    239    238
  1040 :     81    683     80
  1041 :    621    766    354
  1042 :    539    713    176
  1043 :    154    746     86
  1044 :     85    746    467
  1045 :    293    723    285
  1046 :    495    695    491
  1047 :    378    643    572
  1048 :    598    658    657
  1049 :    208    210    209
  1050 :    251    268    250
  1051 :    333    335    332
  1052 :    389    707    390
  1053 :    519    538    518
  1054 :    489    629    485
  1055 :    586    722    585
  1056 :    427    712    426
  1057 :    513    652    295
  1058 :    268    317    316
  1059 :    540    704    674
  1060 :    331    338    328
  1061 :    527    785    526
  1062 :    334    698    657
  1063 :    483    629    516
  1064 :    176    713    541
  1065 :    449    714    446
  1066 :    467    684    155
  1067 :    609    701    350
  1068 :     10    750      1
  1069 :    244    250    243
  1070 :    157    647    128
  1071 :    264    326    311
  1072 :    167    712    471
  1073 :    305    668    306
  1074 :    269    687    341
  1075 :    194    726    473
  1076 :    186    694     26
  1077 :      0    756     53
  1078 :    518    520    464
  1079 :    548    748    738
  1080 :    216    217    214
  1081 :    120    677    119
  1082 :    254    255    253
  1083 :    131    690    130
  1084 :    184    720    638
  1085 :      9    647    199
  1086 :    540    674    169
  1087 :    519    560    538
  1088 :    195    676    115
  1089 :    204    704    540
  1090 :    422    704    436
  1091 :    732    760    523
  1092 :    329    774    596
  1093 :    626    631    442
  1094 :    133    663    132
  1095 :      1    750     60
  1096 :    460    461    458
  1097 :    604    699    290
  1098 :    619    662    261
  1099 :    644    772    497
  1100 :    242    244    243
  1101 :    437    737    558
  1102 :    252    254    253
  1103 :    115    676    114
  1104 :    161    655    134
  1105 :    494    641    496
  1106 :    428    649    418
  1107 :    114    676    156
  1108 :    638    720    537
  1109 :    139    669    138
  1110 :    239    241    240
  1111 :    538    560    270
  1112 :    107    535    162
  1113 :    541    713    480
  1114 :    199    647    642
  1115 :    218    297    217
  1116 :    598    768    658
  1117 :    463    466    465
  1118 :    457    460    458
  1119 :    346    691    345
  1120 :    333    782    697
  1121 :    344    574    291
  1122 :    163    780    571
  1123 :    237    238    236
  1124 :    425    642    628
  1125 :    208    209    179
  1126 :    296    693    586
  1127 :    196    725    624
  1128 :    475    681    190
  1129 :    518    538    520
  1130 :    159    641    611
  1131 :    241    246    242
  1132 :    611    669    139
  1133 :    469    752    642
  1134 :    571    780    199
  1135 :    584    688    583
  1136 :    140    756      0
  1137 :    316    747    292
  1138 :    252    253    251
  1139 :    689    781    595
  1140 :    730    773    180
  1141 :    556    651    307
  1142 :    484    763    487
  1143 :    627    645    490
  1144 :    179    612    103
  1145 :    221    754    222
  1146 :    595    783    249
  1147 :    449    740    714
  1148 :    261    653    253
  1149 :    568    723    570
  1150 :    489    695    629
  1151 :    740    761    372
  1152 :    198    644    637
  1153 :    660    763    484
  1154 :    144    730    180
  1155 :    436    772    644
  1156 :    266    762    698
  1157 :    435    720    555
  1158 :    616    730    145
  1159 :    498    700    664
  1160 :    241    242    240
  1161 :    183    718    137
  1162 :    432    737    437
  1163 :    622    682    423
  1164 :    297    303    217
  1165 :    242    243    240
  1166 :    463    666    466
  1167 :    194    614    111
  1168 :    342    749    467
  1169 :    132    663    181
  1170 :    222    223    220
  1171 :    147    780    163
  1172 :    649    714    395
  1173 :    570    727    178
  1174 :    349    691    346
  1175 :    324    325    263
  1176 :    199    780    148
  1177 :    574    754    221
  1178 :    138    669    183
  1179 :     72    688    173
  1180 :    234    245    232
  1181 :     74    667     73
  1182 :    665    673    672
  1183 :    331    775    593
  1184 :    260    324    263
  1185 :    658    768    671
  1186 :    244    656    252
  1187 :    559    755    507
  1188 :    454    650    453
  1189 :    500    766    621
  1190 :    546    734    159
  1191 :    239    240    238
  1192 :    181    690    131
  1193 :    564    699    565
  1194 :    526    785    547
  1195 :    423    674    422
  1196 :    159    734    641
  1197 :    537    720    435
  1198 :    439    769    610
  1199 :    260    635    324
  1200 :    672    675    665
  1201 :    553    776    495
  1202 :    214    678    213
  1203 :    260    263    258
  1204 :    264    310    223
  1205 :    110    614    158
  1206 :    698    782    266
  1207 :    543    700    498
  1208 :    335    757    635
  1209 :     53    756    497
  1210 :     76    670     75
  1211 :    230    249    228
  1212 :    156    726    113
  1213 :    120    771    677
  1214 :    685    751    460
  1215 :    224    264    223
  1216 :    194    636    614
  1217 :    108    617    535
  1218 :    650    651    453
  1219 :    130    690    654
  1220 :    350    701    352
  1221 :    326    648    311
  1222 :    251    653    268
  1223 :    298    703    305
  1224 :    218    686    297
  1225 :    491    695    489
  1226 :    217    678    214
  1227 :    538    661    520
  1228 :    307    651    650
  1229 :    303    678    217
  1230 :    112    726    194
  1231 :    472    706    576
  1232 :    242    656    244
  1233 :    135    742    161
  1234 :    158    617    109
  1235 :    637    644    497
  1236 :    507    755    573
  1237 :    721    786    208
  1238 :    268    653    317
  1239 :    578    711    579
  1240 :    428    714    649
  1241 :     78    675     77
  1242 :    655    663    133
  1243 :    264    311    310
  1244 :    202    672    671
  1245 :    520    666    464
  1246 :    238    248    236
  1247 :    137    718    136
  1248 :    555    720    184
  1249 :    600    650    454
  1250 :    478    730    616
  1251 :    253    653    251
  1252 :    261    729    653
  1253 :    659    764    317
  1254 :    394    707    389
  1255 :     30    784     29
  1256 :    576    706    623
  1257 :    327    774    329
  1258 :    281    708    280
  1259 :    592    711    192
  1260 :    161    742    627
  1261 :    181    763    660
  1262 :    554    721    207
  1263 :    660    690    181
  1264 :    213    678    631
  1265 :    309    709    636
  1266 :    623    706    429
  1267 :    459    685    457
  1268 :    610    769    198
  1269 :    701    736    352
  1270 :    206    750     10
  1271 :    423    682    674
  1272 :    596    783    595
  1273 :    595    781    330
  1274 :    426    712    445
  1275 :     73    667    203
  1276 :    674    682    169
  1277 :    246    656    242
  1278 :    714    740    395
  1279 :    653    729    317
  1280 :    162    554    106
  1281 :    716    751    319
  1282 :    783    787    249
  1283 :    125    753    124
  1284 :    165    673    665
  1285 :     71    722     70
  1286 :    149    667     74
  1287 :    136    742    135
  1288 :    158    618    617
  1289 :    573    759    393
  1290 :    121    771    120
  1291 :     67    743    632
  1292 :    285    723    284
  1293 :    574    715    301
  1294 :    202    671    670
  1295 :    320    751    685
  1296 :    645    718    183
  1297 :    352    736    354
  1298 :    270    661    538
  1299 :    113    726    112
  1300 :    446    714    428
  1301 :    671    768    670
  1302 :    631    765    442
  1303 :    478    773    730
  1304 :    665    675     78
  1305 :    145    730    144
  1306 :    670    768    149
  1307 :    220    686    218
  1308 :    650    717    307
  1309 :    692    765    631
  1310 :    232    689    230
  1311 :    199    752    571
  1312 :     75    670    149
  1313 :    267    717    600
  1314 :    205    743     54
  1315 :    395    740    373
  1316 :    310    686    223
  1317 :    355    766    358
  1318 :    429    719    430
  1319 :    738    748    533
  1320 :    258    696    246
  1321 :    457    685    460
  1322 :    192    744     61
  1323 :    236    679    234
  1324 :    560    698    270
  1325 :    492    735    494
  1326 :    165    665     79
  1327 :    189    748    548
  1328 :     86    746     85
  1329 :    196    757    725
  1330 :    202    670     76
  1331 :    630    748    189
  1332 :    608    738    607
  1333 :    262    760    733
  1334 :    224    739    264
  1335 :    680    775    331
  1336 :    243    705    240
  1337 :    248    680    679
  1338 :    706    719    429
  1339 :    263    696    258
  1340 :    662    729    261
  1341 :    344    715    574
  1342 :    669    735    183
  1343 :    246    696    656
  1344 :    339    725    335
  1345 :    719    737    430
  1346 :    430    737    432
  1347 :    672    673    340
  1348 :    466    731    523
  1349 :    223    686    220
  1350 :    732    779    312
  1351 :    648    694    311
  1352 :    632    743    205
  1353 :    607    738    533
  1354 :    234    679    245
  1355 :    245    689    232
  1356 :    245    781    689
  1357 :    731    732    523
  1358 :    148    780    147
  1359 :    301    754    574
  1360 :    633    750    206
  1361 :    707    776    390
  1362 :    497    756    637
  1363 :    230    689    249
  1364 :    317    729    659
  1365 :    533    748    630
  1366 :     77    675    202
  1367 :    450    761    449
  1368 :    718    742    136
  1369 :     80    683    165
  1370 :    248    679    236
  1371 :    642    752    199
  1372 :    613    783    596
  1373 :    313    732    731
  1374 :    442    765    443
  1375 :     60    750    633
  1376 :    547    785    195
  1377 :    202    675    672
  1378 :    240    705    238
  1379 :    158    709    618
  1380 :    636    709    614
  1381 :    637    756    140
  1382 :    449    761    740
  1383 :    613    787    783
  1384 :    226    739    224
  1385 :    249    787    228
  1386 :    614    709    158
  1387 :    535    741    162
  1388 :    600    717    650
  1389 :    238    705    248
  1390 :    554    777    721
  1391 :    666    731    466
  1392 :    271    745    309
  1393 :    556    767    299
  1394 :    317    764    316
  1395 :    725    757    335
  1396 :    198    769    644
  1397 :    467    749    684
  1398 :    228    787    226
  1399 :    495    776    707
  1400 :    663    763    181
  1401 :    162    777    554
  1402 :    617    728    535
  1403 :    320    760    758
  1404 :    297    770    303
  1405 :    312    733    732
  1406 :    226    787    739
  1407 :    705    775    248
  1408 :    322    741    728
  1409 :    618    728    617
  1410 :    248    775    680
  1411 :    704    772    436
  1412 :    309    745    710
  1413 :    204    772    704
  1414 :    728    741    535
  1415 :    702    770    297
  1416 :    320    758    751
  1417 :    193    765    692
  1418 :    721    777    323
  1419 :    741    777    162
  1420 :    739    787    613
  1421 :    751    758    319
  1422 :    710    745    321
  1423 :    323    786    721
  1424 :    758    760    262
Number of domains 10
  Domain :      0 
  Name : Symetry
  Number of elements :     45
     0     1     2     3     4     5     6     7     8     9
    10    11    12    13    14    15    16    17    18    19
    20    21    22    23    24    25    26    27    28    29
    30    31    32    33    34    35    36    37    38    39
    40    41    42    43    44
  Domain :      1 
  Name : Top
  Number of elements :      8
    45    46    47    48    49    50    51    52
  Domain :      2 
  Name : Upper_line_black
  Number of elements :      8
    53    54    55    56    57    58    59    60
  Domain :      3 
  Name : Upper_line_brown
  Number of elements :      6
    61    62    63    64    65    66
  Domain :      4 
  Name : Upper_curvature
  Number of elements :     11
    67    68    69    70    71    72    73    74    75    76
    77
  Domain :      5 
  Name : Concave_curvature
  Number of elements :     18
    78    79    80    81    82    83    84    85    86    87
    88    89    90    91    92    93    94    95
  Domain :      6 
  Name : Purple_line
  Number of elements :     17
    96    97    98    99   100   101   102   103   104   105
   106   107   108   109   110   111   112
  Domain :      7 
  Name : Lower_line_brown
  Number of elements :     13
   113   114   115   116   117   118   119   120   121   122
   123   124   125
  Domain :      8 
  Name : Bottom_curve
  Number of elements :     13
   126   127   128   129   130   131   132   133   134   135
   136   137   138
  Domain :      9 
  Name : Bottom
  Number of elements :     10
   139   140   141   142   143   144   145   146   147   148
