Size 788,2
0.000000000000000000e+00,-1.553735484937203502e-04
0.000000000000000000e+00,-1.383908071282411931e-02
1.683119008132010755e-03,-1.736158958486436546e-02
0.000000000000000000e+00,-1.359300366807118972e-02
0.000000000000000000e+00,-1.222879785562483619e-02
-1.374424875491511873e-04,-1.163490793317624103e-02
6.833653846490500387e-04,-9.414653267129310249e-03
0.000000000000000000e+00,-4.887836200238719273e-03
-3.474151045833891865e-02,1.240981644738150180e-03
-4.415922672922479426e-04,0.000000000000000000e+00
0.000000000000000000e+00,-1.364028476207806290e-02
0.000000000000000000e+00,-1.351206081810227971e-02
0.000000000000000000e+00,-1.342946653597849350e-02
0.000000000000000000e+00,-1.333787595010804163e-02
0.000000000000000000e+00,-1.322180276471164075e-02
0.000000000000000000e+00,-1.307401473875363478e-02
0.000000000000000000e+00,-1.289336704558004948e-02
0.000000000000000000e+00,-1.268983204679940795e-02
0.000000000000000000e+00,-1.245719610610661332e-02
0.000000000000000000e+00,-1.219064548720851134e-02
0.000000000000000000e+00,-1.188753370414606138e-02
0.000000000000000000e+00,-1.154160084516072000e-02
0.000000000000000000e+00,-1.115155561014040571e-02
0.000000000000000000e+00,-1.071613384652556414e-02
0.000000000000000000e+00,-1.023356840277008309e-02
0.000000000000000000e+00,-9.701594105730938777e-03
0.000000000000000000e+00,-9.109566336166096193e-03
0.000000000000000000e+00,-8.461755215739129310e-03
0.000000000000000000e+00,-7.765772594102120577e-03
0.000000000000000000e+00,-7.064125688527624763e-03
0.000000000000000000e+00,-6.390433403113697855e-03
0.000000000000000000e+00,-5.757614480239522069e-03
0.000000000000000000e+00,-5.198600237305823699e-03
0.000000000000000000e+00,-4.713967180306010904e-03
0.000000000000000000e+00,-4.302338165939769039e-03
0.000000000000000000e+00,-3.943383047102197100e-03
0.000000000000000000e+00,-3.615992375876803805e-03
0.000000000000000000e+00,-3.305358892520576103e-03
0.000000000000000000e+00,-3.004553391742576397e-03
0.000000000000000000e+00,-2.711589760941103891e-03
0.000000000000000000e+00,-2.426293548696387310e-03
0.000000000000000000e+00,-2.149827493512926693e-03
0.000000000000000000e+00,-1.884073497119827505e-03
0.000000000000000000e+00,-1.631372486901923801e-03
0.000000000000000000e+00,-1.394280834528115794e-03
0.000000000000000000e+00,-1.175038922313110428e-03
0.000000000000000000e+00,-9.753403644742336676e-04
0.000000000000000000e+00,-7.966009789459267730e-04
0.000000000000000000e+00,-6.384034579634165988e-04
0.000000000000000000e+00,-4.996612191262182409e-04
0.000000000000000000e+00,-3.785805438122821494e-04
0.000000000000000000e+00,-2.737545990207680691e-04
0.000000000000000000e+00,-1.853257013763692741e-04
0.000000000000000000e+00,-1.201823474303230456e-04
1.533657825275687751e-03,-1.704463388766095516e-02
1.418762307269565539e-03,-1.655025348047046291e-02
1.282352345003325445e-03,-1.543429748926285379e-02
1.058866114688695927e-03,-1.473775141731917954e-02
8.032951295393136147e-04,-1.431819244348493669e-02
5.455086578041532658e-04,-1.405504858892903455e-02
2.843595854996418585e-04,-1.390808959140772336e-02
3.728342365918842693e-04,-1.393602616843305810e-02
5.138949296901604508e-04,-1.427031434158402244e-02
5.987671747912001177e-04,-1.465430464346758471e-02
6.826215285422161877e-04,-1.509718461552278686e-02
8.095835658462901836e-04,-1.560122769572622366e-02
1.021207286093458490e-03,-1.617587463090244815e-02
1.327731305986981592e-03,-1.677399162991149648e-02
0.000000000000000000e+00,-1.236585774706855032e-02
0.000000000000000000e+00,-1.254364975976865991e-02
0.000000000000000000e+00,-1.275726067837000197e-02
0.000000000000000000e+00,-1.300102747519187030e-02
0.000000000000000000e+00,-1.327602833134342540e-02
-1.570394418922963398e-04,-1.168321986140178313e-02
-1.703537280161977416e-04,-1.172990382615907851e-02
-1.793401538499948377e-04,-1.177463924690408566e-02
-1.842689318985639500e-04,-1.181885834197670716e-02
-1.854530822783598536e-04,-1.186296510139832512e-02
-1.822446406773015472e-04,-1.190855946113149669e-02
-1.742696009223349582e-04,-1.195728781084665071e-02
-1.595195880459856325e-04,-1.201248940099293970e-02
-1.340655535728793742e-04,-1.207711212467725212e-02
-9.111940917316853892e-05,-1.214956314918022584e-02
6.311771006022299070e-04,-9.598374990188429309e-03
5.790775966705091152e-04,-9.792045008300991060e-03
5.332505668073655612e-04,-9.987230820202617348e-03
4.807315004232036643e-04,-1.018749487321112500e-02
4.313364087158492424e-04,-1.037820089534970992e-02
3.856359655930487185e-04,-1.055316172922126511e-02
3.405288626407547165e-04,-1.072207800573499702e-02
2.933121405117767471e-04,-1.087606629614857809e-02
2.469864705495188745e-04,-1.101501474050297150e-02
2.015700925049831484e-04,-1.113679122922004230e-02
1.550766216724180566e-04,-1.123710478424277959e-02
1.012202059598903879e-04,-1.130804431229215194e-02
3.304471966574469213e-05,-1.134015552132631652e-02
-1.675446262343410089e-05,-1.139563448413316929e-02
-5.497292889763911371e-05,-1.145935402556196546e-02
-8.620830951763206341e-05,-1.152209136828626426e-02
-1.130283228945096083e-04,-1.158113075382472337e-02
6.118552928869171008e-04,-5.348174105726825542e-03
8.444795433721389265e-04,-5.801924090998467412e-03
9.526887692825493749e-04,-6.301052024073142480e-03
9.971885864447005074e-04,-6.828842697271563303e-03
9.993430557953494366e-04,-7.248918989768761770e-03
9.880882417262796483e-04,-7.559437338550962886e-03
9.728907089318005429e-04,-7.802463126197056210e-03
9.551388062727342483e-04,-8.005344339737624493e-03
9.361954827213117255e-04,-8.183247015013273007e-03
9.156179549276855087e-04,-8.345305488053695459e-03
8.925619541691413167e-04,-8.497840637307766884e-03
8.675229212357803881e-04,-8.645755427973264226e-03
8.404768764008019137e-04,-8.791794040146839323e-03
8.087290896855465344e-04,-8.938214692049892968e-03
7.735872398410669881e-04,-9.088139917726329245e-03
7.307223470085319906e-04,-9.245080529588041093e-03
0.000000000000000000e+00,-1.519763467345362209e-03
0.000000000000000000e+00,-1.664854246348283903e-03
0.000000000000000000e+00,-1.839004110827900662e-03
0.000000000000000000e+00,-2.037113762999929415e-03
0.000000000000000000e+00,-2.255884541596419289e-03
0.000000000000000000e+00,-2.495036144582436690e-03
0.000000000000000000e+00,-2.754534574933614928e-03
0.000000000000000000e+00,-3.035521757025226586e-03
0.000000000000000000e+00,-3.339616596567359427e-03
0.000000000000000000e+00,-3.671082436915270447e-03
0.000000000000000000e+00,-4.032548887192645252e-03
0.000000000000000000e+00,-4.433697901588753640e-03
-2.208542468041293193e-03,1.627158106194220855e-02
-1.557009902126588316e-03,4.618769162921997941e-03
-7.689584366521696416e-04,2.999104409001980987e-04
-1.090137872458012440e-03,7.365237668139506567e-04
-1.064836614480717389e-03,3.498965273361117744e-04
-1.548496444214199396e-03,7.505415319781659142e-04
-8.447593152424349603e-04,-3.026890210275626951e-04
-2.571052009792513908e-03,9.956316073982389870e-04
-1.725506034657299081e-03,-9.160848524364341092e-05
-3.896709948624954133e-03,5.769658438073443397e-04
-4.681710872317293437e-03,1.532664814500160773e-04
-1.197242521275827289e-02,4.748998455321654772e-04
-3.531579965846381167e-05,0.000000000000000000e+00
-8.039283819144132936e-05,0.000000000000000000e+00
-1.232978308056632475e-04,0.000000000000000000e+00
-1.660714097617486235e-04,0.000000000000000000e+00
-2.095768246048759461e-04,0.000000000000000000e+00
-2.539086806649449896e-04,0.000000000000000000e+00
-2.993223161706502398e-04,0.000000000000000000e+00
-3.463057012620474940e-04,0.000000000000000000e+00
-3.936083335120489678e-04,0.000000000000000000e+00
-1.380842158287163505e-04,-1.175920348227098983e-02
-5.739334145912272704e-05,-1.155855706577925412e-02
3.004578722981332412e-05,-1.136262581825655399e-02
1.843433570468234832e-04,-1.114613441914061136e-02
3.007349950933869607e-04,-1.074687968271571467e-02
4.186082059964859291e-04,-1.022033398052018226e-02
5.466936311085691643e-04,-9.695094007341455156e-03
7.399621897249491174e-04,-9.039969020434031333e-03
-5.146841729208264824e-04,-1.408613502727316073e-06
8.625661351017072142e-04,-8.438833881940013826e-03
-8.105115419844160661e-05,-1.365088209425899561e-03
-1.884606860589501504e-05,-8.856335145355370437e-04
-6.208373140734198921e-04,-5.909415368724453641e-04
9.139641702015835869e-04,-7.918947177312635893e-03
-3.235519056604415993e-04,-6.700610011071544145e-05
-2.939326986488362162e-06,-1.511326537280096617e-03
-1.178053537576472139e-04,-1.196854339631075320e-02
2.218877762109973652e-05,-1.177079896114652073e-02
1.279323968009655637e-05,-1.931080925897164660e-03
2.804471510294534734e-06,-2.288885228887493212e-03
-3.424733373956809863e-05,-4.354590745467336603e-04
5.758986865779988957e-06,-2.595200105704799712e-03
-8.208763877381017034e-07,-3.160071919256204551e-03
4.900236456149029227e-04,-1.469448040902703208e-02
-7.369926936306369099e-06,-1.308440489572547730e-02
2.725929322720665247e-06,-1.301453717614146910e-02
3.632950938304526956e-05,-1.243324496562467699e-02
-1.087167702491349211e-05,-3.797616974659528185e-03
4.442489250618432813e-05,-1.100103689326998278e-02
2.211781984637863687e-05,-1.342775111467023677e-02
9.067262626908467824e-04,-7.043280093835101868e-03
-1.822837062921904398e-04,-6.163711525466642632e-05
-5.991217118104526880e-04,-2.752959388725074075e-04
1.475319921881597137e-05,-4.123035681725821348e-03
-4.381726575982668745e-04,-9.305796281359910924e-04
2.712507766344114646e-04,-4.900033252112713338e-03
6.927583391985487216e-04,-1.485501045676047328e-02
1.308237324947248055e-04,-8.791299756939634918e-03
1.464197566234766901e-04,-6.177912994605325864e-03
6.760111337735079395e-05,-9.965232056644880709e-03
-2.596772779299704716e-06,-3.203271087412234725e-03
8.744988552893987477e-06,-1.234446999209863269e-02
7.580067974953020888e-05,-5.000482383236387607e-03
3.487284637174710780e-04,-1.396948968584981604e-02
1.549392498282118171e-04,-7.336366033555246670e-03
8.122016163310766951e-04,-8.749862901167736531e-03
6.634749892501803047e-04,-9.338171655679560271e-03
-6.622848991845623360e-06,-1.213760000374182815e-02
7.724383121289145858e-04,-5.941965849425477446e-03
-1.012595988864715025e-04,-6.309822658078900054e-05
-4.162819776297479427e-04,-5.870454594935904354e-05
4.294269913675329378e-04,-1.399384481978605509e-02
7.248705593542159034e-04,-1.567590026623611604e-02
-1.481543065943847863e-04,-1.184306243562348142e-02
-1.060389011189898686e-04,-1.167393766322998190e-02
-3.762028387870810662e-05,-2.277901753139655061e-04
1.071713924717086937e-03,-1.631792776038400519e-02
9.863397072543814473e-05,-1.361259838440731160e-02
9.211157200515008659e-04,-7.407241574728664138e-03
8.151066986938170075e-04,-7.327252585166904759e-03
7.864637956798467121e-04,-6.877310788622040261e-03
6.897050648906594529e-04,-7.159916482167202542e-03
7.009483817215953708e-04,-7.578408750565535958e-03
6.471114039507732405e-04,-6.703798876046021711e-03
5.814661653611222485e-04,-7.467177776674545180e-03
5.922564925269045580e-04,-7.894268606734896124e-03
7.139022467673917681e-04,-7.958393639058331664e-03
5.866037043041661975e-04,-8.288874936082688688e-03
4.748145405394514130e-04,-8.187569024660522332e-03
4.672491665141791659e-04,-8.580733066039469142e-03
5.789882838552775062e-04,-8.657128378434322119e-03
4.442595182924036950e-04,-8.931909490175150498e-03
5.231539990306196750e-04,-9.029368499248647054e-03
3.990328727133054957e-04,-9.255668501859775840e-03
3.317976917481622726e-04,-9.173543096539418101e-03
2.999178620085747853e-04,-9.485806947804346564e-03
3.615825971354524079e-04,-9.549821143635528822e-03
2.668235796503670557e-04,-9.776363032883834264e-03
3.129714775540208462e-04,-9.870417381305058094e-03
2.389453579282203302e-04,-1.004100993547629890e-02
2.684573634014433721e-04,-1.016941644251724043e-02
2.169648938036254778e-04,-1.029040966791310539e-02
2.418108340690029278e-04,-1.041500709944414259e-02
2.013562167387489114e-04,-1.052090736475207004e-02
2.209905131348451448e-04,-1.066542411483705974e-02
1.855572649747159282e-04,-1.074514106363654888e-02
1.944172541531399997e-04,-1.089667923152361391e-02
1.679543962408852078e-04,-1.095797167304189863e-02
1.649273117051911874e-04,-1.110809283313656491e-02
1.516647750271522138e-04,-1.116347306802720207e-02
1.435520439680330960e-04,-1.129025738463890205e-02
1.373608479152073391e-04,-1.136606985291881144e-02
1.270903196893896842e-04,-1.149104457253839751e-02
1.271241647047820103e-04,-1.157843777443108568e-02
1.261629045072339530e-04,-1.144175639041630256e-02
1.142262424873373254e-04,-1.167859057471962690e-02
1.748091410839281497e-04,-1.061592250259362803e-02
1.184351475295189563e-04,-1.171107036317073184e-02
1.037712046999323854e-04,-1.164122236831147128e-02
1.465648728953428007e-04,-1.103218741279097560e-02
1.875900221333203345e-04,-1.019808789206699991e-02
1.063680321708372785e-04,-1.154172275812148998e-02
9.429989662637905921e-05,-1.179698189121681541e-02
9.846434972318140165e-05,-1.192489562395548409e-02
7.683546749428321295e-05,-1.204896594505757562e-02
7.690125193228312820e-05,-1.218013563978013331e-02
5.398286600168252739e-05,-1.230378844509627360e-02
4.813558718563301479e-05,-1.243464200740048223e-02
2.982326167188462253e-05,-1.255606215227493896e-02
1.014026842878474574e-04,-1.184522657329783145e-02
7.564208322092531411e-05,-1.177462856773744265e-02
7.924512559151218366e-05,-1.196800247321214324e-02
5.241729692000959205e-05,-1.217434696644902059e-02
1.446605316164746515e-04,-1.124480698329477675e-02
9.350076203729093083e-05,-1.203630188560112987e-02
2.339766767643551115e-04,-9.414232042219815993e-03
7.520807647260551267e-05,-1.163847070709368367e-02
3.992856640163469493e-05,-1.177042718526806128e-02
2.185874654886541999e-04,-1.082825477756541380e-02
8.282096603697973632e-05,-1.167585680123909078e-02
3.288632462346533121e-04,-1.003083085065265868e-02
1.952070474705816882e-05,-1.163840645604885191e-02
6.398348086317056900e-04,-8.799114919333812443e-03
2.090471817543934700e-05,-1.268818073188123820e-02
1.139795283219930513e-05,-1.280731551787600217e-02
1.525522473586849053e-05,-1.268026020966380070e-02
9.580485730343108182e-06,-1.292950731897491747e-02
7.785895118051009743e-06,-1.280301118609599755e-02
1.499874106548456072e-05,-1.304971207253880112e-02
3.016211369384638754e-05,-1.318827246264812555e-02
4.890991094051284308e-05,-1.331343558002676467e-02
1.958384672147961799e-05,-1.315111424363016833e-02
4.964156854532723314e-05,-1.342122899771411304e-02
1.038687473221338523e-04,-1.361222550570755085e-02
9.414184875035273381e-05,-1.371355132040277119e-02
4.374528115340128946e-05,-1.349644570351077322e-02
8.057148287262359820e-05,-1.377098710301609755e-02
1.506650951229106283e-04,-1.404694348842943676e-02
1.421655589517599092e-04,-1.406700261556719130e-02
2.396891755127691828e-04,-1.443132902037812249e-02
1.641859334802706760e-05,-1.252114007787675197e-02
5.372831579393493318e-06,-1.268886665870746187e-02
6.121818354181335960e-04,-9.033266262290780974e-03
9.020906684600003833e-05,-1.135313994017711318e-02
7.325241485672466621e-05,-1.371911443974139534e-02
1.670018042911587208e-04,-1.400342531058475053e-02
1.096317057967758631e-04,-1.370437369586433203e-02
3.443490598522140384e-05,-1.256174582254490982e-02
3.627728985584837795e-04,-8.464831790868531172e-03
2.567058991723568818e-04,-1.435391187070837564e-02
3.051000300363632513e-04,-1.022868579054981436e-02
3.997963153709009490e-04,-9.660531992595852713e-03
4.581797249951508467e-04,-9.435935291386676402e-03
4.834054108935099828e-04,-9.532669745771264747e-03
3.584799402078524722e-04,-8.052697832340067682e-03
4.379026220315829763e-04,-9.727950045842774854e-03
3.809762827407299642e-04,-1.481497880007998091e-02
3.779122384852966112e-04,-1.488971546162685608e-02
2.552448976603500889e-04,-1.056516209902400028e-02
7.063679597895848941e-04,-8.844401199578359046e-03
7.433063877913374546e-04,-8.605509338688921428e-03
2.636813000145603260e-04,-9.068974637224287705e-03
1.680664223598457466e-04,-9.238149863766437903e-03
1.111926231532439874e-04,-1.148756591712359575e-02
7.156643283964049832e-05,-1.148262620877513185e-02
3.527435624300049471e-04,-1.013404783189824840e-02
3.287250160549889163e-04,-1.032740147834117043e-02
6.253285212575894199e-05,-1.154532572092170813e-02
5.863052127069845991e-05,-1.183938036758856900e-02
3.952733788011517565e-06,-1.292994825249517074e-02
1.769895905928389930e-04,-1.105130332083690929e-02
1.365840016801603838e-04,-1.122669964781373292e-02
6.881199592920068898e-04,-8.339316162856878420e-03
7.930073466617328266e-04,-8.091303267810882188e-03
8.066117534459441366e-04,-7.820694512572326160e-03
7.494829059994547577e-05,-1.212745426032019007e-02
7.507853879562541332e-05,-1.224944698219574205e-02
1.538980519223912143e-04,-9.717480490220968548e-03
4.799633508319232580e-05,-1.057914446966258352e-02
8.115217255398330721e-05,-1.079834291279713025e-02
9.485428350365358754e-05,-1.047701841223013484e-02
1.184030694643083132e-04,-1.069032871419428425e-02
1.066808210190218673e-04,-1.103032522194066431e-02
4.520038547428882863e-05,-1.189292547901508665e-02
-1.175030447519452048e-05,-1.188543707931940564e-02
-2.106485946973884815e-05,-1.176471595312446328e-02
1.446416619887753368e-05,-1.199015301213070435e-02
1.760846223515647227e-04,-8.066875750567152961e-03
3.406950487789121195e-05,-1.139861764144813570e-02
7.815579308617647024e-05,-1.110070127498679997e-02
-5.314896610908834585e-05,-1.195713720916284292e-02
-6.863584618799462944e-05,-1.187319764978661714e-02
4.013578912286534035e-04,-9.927367098204603613e-03
4.183127354273003320e-04,-1.004733585074774407e-02
6.766457330475962812e-04,-9.046118617041168722e-03
5.946464455865068180e-04,-9.218284658855062721e-03
7.287874604465600578e-04,-6.367984045186005256e-03
5.721822337595443460e-04,-6.193076914585285593e-03
4.879707057311552152e-04,-6.528198000380265945e-03
4.093739447199470590e-04,-6.005723262490294395e-03
4.610723579676113157e-04,-5.670955939436592846e-03
3.090749860507307069e-04,-5.485808010900120220e-03
3.143701396533113901e-04,-5.162075299430830301e-03
2.002118181233914049e-04,-5.006819570951000914e-03
1.720907494193408616e-04,-4.724903134225783181e-03
9.689089856126352495e-05,-4.560449142303545089e-03
6.938041449353388635e-05,-4.340428660247066563e-03
1.074112744845356649e-04,-4.483253247472929713e-03
1.832772805712646743e-05,-4.141714749597466896e-03
1.414766740935249861e-05,-4.008174491512079066e-03
-5.519014012123826496e-06,-3.812913324569727237e-03
-2.560753819750453814e-06,-3.702789811359919522e-03
-8.818200268180322550e-06,-3.499062342383220565e-03
-5.299600278233133534e-06,-3.392781736460088755e-03
-4.824422281755912279e-06,-3.202524574916977736e-03
-8.250130357700391967e-06,-3.305243805486727908e-03
-8.561819905084798605e-07,-3.014854494055589380e-03
1.766726014785427485e-06,-2.910474425682209668e-03
7.292154818742215625e-06,-2.730284954927812962e-03
8.055067679246692770e-06,-2.627015538119129891e-03
1.348157231172980004e-05,-2.455628039059104539e-03
1.186271770714349152e-05,-2.349630638568302524e-03
1.598929110611602497e-05,-2.185722482312474867e-03
1.855971124511692652e-05,-2.265767256588158834e-03
1.763014580745305825e-05,-2.013444019706981791e-03
1.232020328414522111e-05,-1.923498761269098589e-03
9.517840985360437585e-06,-1.771331631776415592e-03
1.783513736802041747e-06,-1.676282626750657308e-03
-8.049740025336432183e-06,-1.529565238078906941e-03
-1.597363715693064139e-05,-1.440915364873079745e-03
-3.478174292944695683e-05,-1.299157211528703193e-03
-2.467782533078098010e-05,-1.389319113945281349e-03
-6.136702317181610684e-05,-1.169924417724538691e-03
-6.785579001862395842e-05,-1.090580552655759979e-03
-1.050052243474544476e-04,-9.679812812494668862e-04
-1.057994692271553349e-04,-8.972623565370921837e-04
-1.517041858675905613e-04,-7.851485727590670066e-04
-1.505182105154990600e-04,-7.144767901418082323e-04
-1.531383678128836489e-04,-8.538092786654659979e-04
-2.070828869950245286e-04,-6.828687640374020255e-04
-2.129632913691312289e-04,-7.472718318622636243e-04
-1.546687107723617339e-04,-9.132300810200760744e-04
-2.728237080624406567e-04,-5.900535499416857199e-04
-2.592072656213909444e-04,-5.297614685232884292e-04
-6.879976239461895620e-05,-1.023630746007747096e-03
-2.877534032117987149e-04,-6.459063096712000518e-04
1.597723879715217044e-05,-1.848642166236579140e-03
-3.248415504507728827e-04,-4.452317761780108410e-04
-3.063256211290952386e-04,-3.933041232078389243e-04
6.766401233435971087e-06,-1.836772771021928131e-03
4.915933494397234282e-06,-2.833147227941762956e-03
-3.693841419973682900e-04,-3.143990909971573289e-04
-3.924657152185983666e-04,-3.702114067927832252e-04
-3.463911735803649095e-04,-2.742700215250615334e-04
-2.851098149952011789e-04,-3.511252148719244898e-04
-3.123611422932390269e-04,-2.469357509395245318e-04
-2.560184207148801438e-04,-3.198984930209193838e-04
-2.713159727614247968e-04,-2.228004958945740694e-04
-2.205516669427750784e-04,-2.911635293683363201e-04
-2.042106279884009165e-04,-3.966368265565872416e-04
-1.733075063111914448e-04,-3.649272918213137206e-04
-1.567787712674560924e-04,-4.786424855927982739e-04
-1.814919376132065722e-04,-2.636869635853014032e-04
-1.389111796562220809e-04,-3.346976847083098098e-04
-1.421599754984249225e-04,-2.373903772461495500e-04
3.052434324797678229e-06,-2.809469217155408875e-03
-5.009433988484299281e-05,-1.257117870228077403e-03
-1.230030966567836456e-05,-1.479964173634042103e-03
-3.433943948744944840e-05,-1.352978004962327764e-03
7.933237206352598416e-07,-1.574466101395294781e-03
-1.622711172672836575e-05,-1.455113639980251151e-03
-7.095539709692470635e-05,-1.236053529855052390e-03
6.466852648197205408e-06,-4.277040693475474276e-03
-1.026483687595183608e-04,-3.051461147559980614e-04
-9.867857000106663003e-05,-4.084579848471340028e-04
-1.696781015752921082e-06,-3.598730152851735680e-03
-4.092922720946465752e-04,-1.964821491520550665e-04
1.258327813402557104e-05,-1.672952705742991727e-03
2.737324381237938609e-06,-1.561270780008839438e-03
1.798150190135834378e-05,-1.796407112788043743e-03
-1.808306889016473857e-04,-5.144809729569118631e-04
-1.349641602630848437e-04,-6.068443313651854460e-04
-1.130299458773361641e-04,-5.658643634219555222e-04
-9.538416571949436787e-05,-7.037417924775461742e-04
-7.454715192533945868e-05,-6.720411140553995228e-04
-6.020992483291340942e-05,-8.283900020234943569e-04
5.007243038165014965e-04,-5.398571655520144688e-03
-1.035014783622125909e-04,-1.991350825056230442e-04
-7.935250125444803229e-05,-8.412163816776196219e-04
-4.638239938832279904e-05,-9.818451892983992915e-04
-1.531138585558955087e-04,-1.375339970436595068e-04
-3.246814867811868149e-04,-1.574884758881199879e-04
3.280455030319892260e-04,-6.367776192172047711e-03
3.881862803495146532e-04,-6.867211301930646085e-03
2.304664203649911601e-04,-6.767245378333845880e-03
-2.783629287556280032e-04,-1.365801627364171664e-04
1.961689343370921345e-05,-1.889671237900907626e-03
2.215982604567865246e-05,-2.022395674157524692e-03
1.797738222664269189e-05,-2.098089414450852574e-03
1.857882022239960027e-05,-2.262414357529535843e-03
2.169844168903343619e-05,-2.162377713797919258e-03
1.689059951804319684e-05,-2.417997785586564405e-03
1.191958708683747009e-05,-2.336462950344836767e-03
3.353310423637614435e-04,-1.059181759669395283e-02
2.969280499216608946e-04,-1.063338684435447858e-02
2.693670620355719490e-04,-1.077932837484622819e-02
3.688218597667261003e-04,-1.039207365854294060e-02
1.341912440161761107e-04,-1.124206722649969022e-02
1.622753423174813278e-04,-1.116719371412531157e-02
2.027326479368585547e-04,-1.105590921483451915e-02
1.133046786573371805e-04,-1.125714550493855416e-02
1.790891923145766231e-04,-1.110276512707278167e-02
2.100569138012630885e-04,-1.097552666452620770e-02
-3.338892984949543714e-06,-1.142615087098824110e-02
3.802592089380092206e-05,-1.139886407185061734e-02
1.321249536720200545e-05,-1.146574754183776745e-02
6.976939212207241778e-05,-1.133159895907130676e-02
7.335947640398554279e-05,-1.136940931596091935e-02
4.913742091794033335e-04,-9.899336749878143854e-03
9.625296559212122012e-05,-1.206009790824415576e-02
-3.759436052447220184e-04,-1.713209271772618396e-04
6.518412644695784075e-04,-9.241449186015642664e-03
1.114814769376344788e-05,-1.728646637752398983e-03
-2.020046451290340010e-04,-6.182646594795855122e-04
7.487335439543184529e-04,-8.899716306315648418e-03
1.437611486550118550e-05,-1.207942385278406791e-02
2.240357752008073736e-05,-1.226188512703741545e-02
-1.814406636077555768e-04,-1.884809904966745732e-04
-2.256621778124560116e-04,-1.875762849310773296e-04
-2.426133116305963309e-04,-1.096272400438614826e-04
1.132927703917836228e-04,-5.508423623040841280e-03
-9.651627866092929808e-06,-3.951317634864687928e-03
-4.308946456394263875e-04,-2.441755722274025191e-04
-4.597171936156471727e-04,-3.112514183118671521e-04
-4.207908121859198517e-04,-4.365975341879044626e-04
-4.957763987794469281e-04,-3.894297966834721781e-04
-4.505255401403762878e-04,-5.148996225585008224e-04
-4.932456768070392437e-04,-1.830677843702847071e-04
-5.406926160318877798e-04,-4.675514739451030219e-04
-4.925703209171600422e-04,-5.924571949907302777e-04
-3.941164544071452860e-04,-6.409402414991078201e-04
-4.186017877261252675e-04,-7.177578029273894719e-04
-3.169213971111665517e-04,-7.819011981358688166e-04
-3.197655641687475385e-04,-8.750117162201598688e-04
-2.228119620885100742e-04,-9.448864466886987582e-04
-2.240876731321197438e-04,-1.057316400293834740e-03
-2.265798500450960803e-04,-8.600761474104532929e-04
-1.318839736435251900e-04,-1.127714523686906270e-03
-4.287164939090828557e-05,-1.354011188085250841e-04
-2.407331219230642491e-05,-7.182526845927565684e-04
2.730013205500474557e-06,-3.781386360915313990e-03
1.198224249629835742e-05,-3.950777440193002643e-03
6.636653569368207706e-07,-2.859381565440602575e-03
-1.164300744645829153e-07,-3.006281041940765501e-03
-7.572730381641612556e-06,-1.286565979988079115e-03
-9.760504163636458800e-06,-1.396500196006574858e-03
-1.879344584643500986e-06,-1.630797888238586651e-03
-8.217490221230141909e-06,-1.498457753000146525e-03
-2.195290261507166002e-05,-1.281341384025150732e-03
2.315398236232153785e-06,-2.018993873724941098e-03
5.679275657602659799e-06,-2.154124469267412571e-03
5.331633323869747600e-06,-2.415404258841465091e-03
3.352556944826587667e-06,-1.885458530297180963e-03
7.378191843486386743e-06,-1.994259634263060438e-03
2.503872317590714880e-04,-1.394717732510841746e-02
3.450170923119717944e-04,-1.433555088324371327e-02
-9.729796083813386978e-05,-1.104334274939330852e-03
-3.447323164028106277e-04,-5.035641550690659511e-04
-3.061232864755093671e-05,-1.149229762935580906e-02
-9.833162108267346803e-06,-1.153382667610640053e-02
-3.318701864992519064e-05,-1.160245204673761646e-02
3.072564224600792351e-05,-1.151078573201516110e-02
7.487022266385812900e-05,-1.130943464733697237e-02
1.055995701698190766e-04,-1.128648510182110772e-02
1.021210544257202853e-04,-1.133993040838443371e-02
2.256418618267290986e-04,-1.102642732503454452e-02
-5.373859378543227453e-05,-1.333188782986166046e-03
5.247700555824813583e-04,-9.586658085040474300e-03
5.601671649946637433e-04,-9.400368394940768549e-03
1.128800414760532370e-05,-4.564313956656353491e-03
1.419042218179976131e-05,-2.525634228935298795e-03
-1.153772923761258794e-06,-3.458874449867217499e-03
-3.596660515753145945e-06,-3.109830421822156691e-03
-1.044785157836860572e-05,-3.401190414901722470e-03
1.982762187248916348e-06,-2.928108818615950213e-03
-1.258955948646349507e-05,-3.612799929145972706e-03
8.999110280021186195e-04,-8.107326112709931434e-03
2.379226937636398555e-04,-1.092180263828997251e-02
2.595414835120045914e-04,-4.882875307052085209e-03
7.688538874867346004e-06,-1.158326416267856616e-02
-1.087470131481034090e-05,-4.198678408121176570e-03
-3.544323794534647677e-05,-3.238554462832158492e-04
-1.417975918484214930e-05,-3.700745267218394190e-03
-9.389055696484462015e-06,-3.468556346700093357e-03
-2.892033192236951756e-05,-5.655677383671639611e-04
4.722726252811537662e-05,-4.534680222193453007e-03
-1.287071699036634035e-05,-1.076078559341765240e-03
1.961326157326240758e-06,-1.546789520744482060e-03
6.023395031518677389e-04,-9.520933935297650613e-03
1.585708785900178669e-06,-2.896782928688224935e-03
2.133123289498629713e-06,-2.565785266899448837e-03
3.156946932682869701e-06,-2.693229583435860063e-03
4.043493650672927083e-07,-1.758715389679095954e-03
-1.800674732055146295e-06,-3.096022789227783744e-03
-1.475823560242531805e-04,-1.028011852388820884e-03
9.232801715239452849e-04,-7.690335314483367699e-03
6.143222521034460201e-04,-5.394111222118580518e-03
2.846581811890292997e-04,-1.040645973038345495e-02
6.681461944854450244e-05,-1.232710345702271899e-02
-1.026015114938664023e-04,-8.279228496929870104e-04
-2.237684554357735156e-05,-1.156402374878265317e-03
-1.569783611796304884e-05,-1.165390737974998474e-02
-5.983410465786106206e-05,-1.166606639756620836e-02
5.491709535370899468e-05,-1.352767141269413560e-02
2.298586033896076949e-06,-1.260535269128803051e-02
-1.262385667586967755e-06,-1.281673811552779332e-02
4.025357362292393815e-06,-1.301194223481056886e-02
9.118434790187214620e-06,-1.315972375984713651e-02
2.849150231950406711e-06,-1.318289793180398364e-02
1.645200249702860964e-05,-1.334410666171020020e-02
8.142788747546887815e-06,-1.332603322665388244e-02
2.937854334300901859e-05,-1.348425855239778100e-02
-3.655877746951531420e-04,-8.948372959926464065e-05
-4.045146201395631108e-05,-1.219749862006327002e-03
-4.121163715815674998e-05,-1.153542775453551437e-03
5.261394058303327844e-04,-9.228896347295626607e-03
2.488386847563247542e-04,-1.442335333361204064e-02
-2.477617776802644662e-04,-4.739771699676308906e-04
1.757857558886956014e-04,-1.395667051662537878e-02
1.854722560283364463e-04,-1.381157413337710978e-02
3.124715074977498625e-04,-1.426278810279876449e-02
9.586296157744045971e-05,-1.347556226313147837e-02
4.986824318722100929e-05,-1.332637428189384007e-02
1.793087081989224233e-04,-1.366396920984218333e-02
6.539117887203909946e-05,-1.345141154687660469e-02
5.157290943421092708e-06,-1.319424582211050669e-02
8.394698008891557912e-06,-1.280350618224312780e-02
1.884594346351051275e-05,-1.263934200334984603e-02
7.149385671082866832e-06,-2.528599351572053885e-03
5.509064759503345780e-04,-1.514205928821987616e-02
8.004229915158365179e-04,-1.560195484702732970e-02
6.512252323978413816e-04,-1.557170564186544093e-02
5.828394252325700027e-04,-1.434085233635650977e-02
4.334925570789502467e-04,-1.432753387717163561e-02
1.178637121579801088e-04,-1.126942430289673037e-02
3.222797141703389375e-04,-1.047704010590807394e-02
1.396356627152507733e-04,-1.038409608492159991e-02
1.216227087765514971e-04,-1.012337332705203971e-02
-8.216503295562262979e-05,-1.161971699742497637e-02
-9.248310002687849221e-05,-1.172804693168717077e-02
2.641638427191659731e-04,-1.089201551399677885e-02
2.444541441599450094e-04,-1.081291109494622940e-02
-1.003261012047137866e-04,-1.041406827241480757e-03
1.015115561532661414e-05,-1.306169233701559053e-02
1.355600240206725180e-06,-1.617866575695561674e-03
5.766864334759007811e-06,-1.291405907799477761e-02
4.574635761456752976e-04,-1.493299405045380758e-02
3.215743091605253269e-05,-1.220772391661536366e-02
1.008987540492051886e-05,-2.667252900821836126e-03
1.252920225115878146e-05,-2.507495375598296598e-03
2.524878159162610648e-04,-5.798329124190038097e-03
-1.402914903131297672e-04,-6.358060343486294814e-05
-1.928601443744271473e-04,-1.235737489468946917e-03
8.813082344676304502e-04,-6.609307032432235746e-03
1.703000040737006791e-04,-9.928090088226065868e-03
8.377828007675136275e-04,-8.592472295843188793e-03
-4.247191086256305213e-06,-1.588393042922011441e-03
-2.726355930141640543e-04,-6.003377747734982690e-05
8.817871856843888505e-04,-8.279306503041025667e-03
8.200024401390398118e-04,-8.392934855308642819e-03
3.348874324049684603e-05,-1.242431458428261762e-02
-1.281284879516762201e-04,-4.447501747014275821e-04
4.433583256929435817e-05,-4.288586469045826098e-03
-8.809923206302230664e-05,-5.322857342105489836e-04
-2.298316616131253177e-04,-4.305362725216854204e-04
-6.705877728358301847e-05,-1.208447317565854683e-02
-2.635534093301478415e-06,-3.284499306625890229e-03
5.443429651997472351e-04,-7.012533392505261413e-03
-5.298370415020880238e-04,-6.837895308150328472e-04
-4.696275677923500511e-04,-1.169950337410948659e-04
-3.684718669166058740e-04,-5.686451620938028995e-04
-5.161570774960530198e-06,-3.199253310833605375e-03
4.329590792528027385e-04,-7.324493271371572412e-03
1.002724169603328970e-03,-1.623045472258050417e-02
2.642258175764699429e-04,-1.378648579732131424e-02
1.634658808242698516e-06,-1.737263590629929038e-03
5.366950688626959516e-05,-1.208578040044191657e-02
7.778478013392292612e-04,-8.689032313342167496e-03
-6.476720793621475387e-05,-6.440769732844930570e-05
1.592712723480506332e-04,-4.664858606854463408e-03
1.194235726952854358e-05,-2.078815606128176213e-03
-3.160037211927937609e-05,-9.662240794617640025e-04
-1.086961284550876490e-04,-1.244891406909418193e-03
-4.414863495207080519e-04,-9.882941373560038439e-05
-2.072841610813982229e-05,-1.358427785955915092e-03
-8.046087260571205182e-05,-1.312475450022032239e-04
-4.135178743161064033e-04,-8.386819683084377475e-04
8.991016672047371478e-06,-2.260186290567566068e-03
-4.884178605991813240e-04,-1.860214169610446098e-05
8.942768690492424008e-05,-9.614720820427505657e-03
1.071709542567723173e-05,-1.706239002924985577e-03
2.655366540385846572e-04,-1.067228038011460226e-02
2.831385177308411074e-04,-1.054894319923487325e-02
1.684860013806807253e-04,-1.371140289383462711e-02
7.011623171760029841e-05,-1.193403568189968511e-02
-5.384885736109842847e-04,-9.285716462196922294e-05
-5.598056531556192417e-04,-4.476338703157879315e-04
1.145179731733789196e-04,-1.179842756221484261e-02
-4.399366718818590791e-05,-1.172138819663363397e-02
-7.300107437555103439e-05,-1.177489893538617716e-02
3.589246047124775555e-05,-1.195942977902884549e-02
-5.331892317182260893e-04,-2.903549826804603792e-04
4.928799489216687083e-05,-1.157615927900029935e-02
3.281321043965535850e-05,-1.229631368147946630e-02
-6.295828214474063567e-04,-3.458089248260216115e-04
-4.212592704906990257e-05,-7.916860286774188337e-04
-1.372363981672287329e-04,-1.192368320967749501e-02
5.164534574418553064e-05,-1.143987419099238602e-02
-1.293807075727260354e-04,-1.171594484539341570e-02
5.239622499137532073e-04,-1.523071405596950964e-02
-2.821210504677082237e-04,-1.093501661737600241e-03
-1.432678614787539833e-04,-1.179918812656273984e-02
-1.007240081267764259e-04,-1.182148495901502901e-02
-1.147962567810216202e-04,-1.187871951312817823e-02
-9.522982230843191065e-05,-1.192183350807603064e-02
-6.777683729725820247e-05,-3.677173721462189955e-04
-1.515745616841695489e-04,-1.188433828918210484e-02
7.126342614299014571e-04,-9.192998281805598790e-03
8.515495615990443157e-06,-2.163135963769457527e-03
4.752368151558198804e-04,-7.771553859007762979e-03
1.592195031293269325e-04,-1.083460315716704321e-02
1.339382842227359541e-04,-1.088403460532397921e-02
9.576294867536535468e-06,-1.248590416711229008e-02
-6.156714580194762494e-05,-4.891867853972399352e-04
-8.866445252448524033e-05,-1.202219772009315880e-02
4.696713509381045411e-04,-9.793137057442445267e-03
1.439898793673916955e-04,-1.119304488787802726e-02
3.523878898581503947e-04,-8.827734607743087034e-03
3.755158940244701085e-04,-9.847817199131886357e-03
-3.993603873617406703e-06,-1.333215490266249741e-02
1.759739503213897816e-04,-1.042713211557302205e-02
-5.856090091422613397e-04,-2.053918245856282661e-04
6.232269690152391966e-04,-5.902982128893037930e-03
3.021720567274624285e-04,-7.627973352445061549e-03
4.689435291365339452e-05,-1.244659674091210498e-02
8.285162813167844904e-05,-9.244506676845487200e-03
-3.013641992509511164e-04,-7.110177256710626141e-04
1.069259363719654766e-04,-1.189746497229281566e-02
-4.202106990161841863e-05,-1.182013011725192506e-02
7.365794089471995457e-06,-1.171450792277883499e-02
2.329797944890446215e-06,-1.280021138791511900e-02
-5.210260449257623784e-05,-6.333132439892366237e-04
1.786035651754590021e-04,-5.260827690551249033e-03
2.507714059028864993e-04,-8.773560502186424082e-03
3.876557484893014506e-04,-1.465611555384276933e-02
-6.913757980679244763e-05,-2.661544358093367521e-04
1.371320727207268344e-04,-1.122683483920264118e-02
-1.955889498881933691e-04,-5.565572740505890298e-04
-2.229138484543217861e-04,-7.961676283750554082e-04
2.101675548091140106e-05,-1.326331974241875752e-02
8.089228163833154465e-04,-8.544930171445259959e-03
7.655154386333172002e-04,-8.371737373822976669e-03
2.977863246777943864e-04,-1.400593941550407756e-02
1.639618760862801455e-05,-1.769823734986093701e-03
-1.505211717930126676e-05,-3.988166857307549190e-03
2.086352754654744162e-05,-1.934322407310736609e-03
5.238220981604346013e-04,-9.365962305513186176e-03
2.003109493616653833e-04,-1.096444176815981539e-02
2.438193373306310572e-04,-1.070539169764067600e-02
-5.138705829959252288e-04,-8.277808990471690340e-04
-1.451297070801487712e-04,-6.550947366272835302e-04
3.750156327501735190e-04,-5.056071646093675612e-03
8.605477807128147352e-04,-7.608636049838128634e-03
2.876372894163426361e-06,-1.285966932481504184e-02
4.330397415168586701e-05,-1.355620062677709292e-02
3.699316260012954979e-04,-1.023224115133782204e-02
-2.203083623921389604e-05,-1.203696450901059305e-02
7.914575328098604357e-04,-8.883582385395593153e-03
5.397929160130432745e-05,-1.355338328140997910e-02
8.376153514257390909e-04,-8.214365805001120832e-03
4.490907027850611150e-05,-1.207794631733349368e-02
-2.275194248894490923e-04,-5.749815258333341669e-05
8.092759447895983961e-05,-1.140661935861850794e-02
1.024319628375005610e-04,-1.140641523109108338e-02
1.271530495740947145e-04,-1.136460834188333241e-02
-4.244469217087588854e-05,-1.405833208403463319e-03
-3.382537751756733275e-04,-9.483797576390583239e-04
1.195146115901446926e-04,-4.851450230454424847e-03
-1.111705896896222136e-04,-7.246389529433008717e-04
5.833629194861651208e-06,-2.767241216653926281e-03
2.293717003552909019e-04,-9.695160693307409289e-03
2.091968073811828732e-05,-2.088051234424267381e-03
8.628492844690489622e-04,-8.036852240787512036e-03
-5.853980021995751522e-04,-5.985229327399753038e-04
1.283300393309866469e-03,-1.669943814649286346e-02
2.083919745865373582e-04,-1.369384623938933905e-02
6.854831271363356080e-04,-8.566868944999106797e-03
4.659475893329213065e-04,-1.006760458618896625e-02
6.309138806539708714e-05,-1.130386193102755552e-02
-4.876463634104078359e-07,-3.026773680064797408e-03
4.459461574711714809e-04,-9.919290838014637596e-03
1.386495125387701265e-04,-1.372802607100303239e-02
1.717402491682698442e-04,-1.110321384909958124e-02
-3.995908181184111931e-04,-1.076000211242086917e-04
-4.702417064762511904e-06,-3.497727429635620004e-03
4.542868260838784744e-04,-9.286730498148206697e-03
-3.609573243270702662e-05,-1.121302136765719862e-03
-4.196294675756736582e-05,-7.938148698781990673e-05
1.746238972440567741e-05,-1.209188794405983806e-02
1.540561442891426628e-04,-1.117182398396217996e-02
-6.134440765583842154e-05,-9.885227961672047887e-04
1.280829822941892784e-04,-1.128723039099794809e-02
1.939886790425600759e-05,-2.296871678349104561e-03
4.815264001502929164e-05,-1.168407944595258562e-02
-5.679766915864820770e-04,-3.505314958334547070e-04
4.420789102970423530e-05,-1.170401245999781389e-02
2.908536101926017300e-04,-7.188915180010677954e-03
4.283314877238196127e-05,-4.208032290110185446e-03
2.718531782442470675e-04,-1.030348445808170095e-02
-1.062869030463458231e-04,-1.177810870953161990e-02
-1.149113268182532172e-04,-1.194632216601413912e-04
2.661320881188188612e-04,-8.388729000141644659e-03
5.257511615769512017e-06,-2.371064928702776124e-03
-7.066374123294249480e-05,-1.948198147100454591e-04
-2.020873429674769739e-04,-1.205698233685847828e-04
6.723212717386972475e-05,-1.028804020191862248e-02
1.287949942571911728e-04,-1.109120789485601617e-02
-1.680734132180172595e-04,-9.328949291221220975e-04
8.619831159185982646e-04,-7.861423091963961815e-03
4.939906363301267662e-05,-1.227636221687647237e-02
8.807031126724264162e-05,-1.153706956326358384e-02
-3.699792723719046422e-04,-3.843056228973468083e-05
1.466192146530197649e-04,-1.059829355341462311e-02
5.710461340903807606e-06,-1.180816779379809285e-02
1.583518976910030639e-04,-1.013799912415415394e-02
9.367113585185610951e-05,-6.734268494656556019e-03
5.993824093072173259e-04,-9.424368084813367075e-03
7.877437991926920964e-04,-7.600067296215021542e-03
2.069326234966082148e-04,-9.959470523278363130e-03
